-3.88637854916452 -6.29740198277251 -1.42878229790826
-2.75137969912715 -6.53098805492699 -1.99513650812984
-1.47383998731267 -6.55304769709871 -2.29990624300156
-0.19462130061148 -6.30070248419534 -2.1266659285224
0.914690267245168 -5.9176476504107 -1.43395338861283
1.77324318333629 -5.48101238796678 -0.378481670473373
2.43998921510245 -5.03459587645276 0.839266186823321
3.0059045893069 -4.45605398286039 2.02389823820018
3.43854755769681 -3.68618158661212 3.04441092938345
3.671600268607 -2.76433857501801 3.83006461140737
3.70047742238956 -1.8196582093702 4.33067399660037
3.64515968005593 -0.874461130220104 4.51089864663918
3.44726132560632 0.00244894357514128 4.37341260826829
3.18970919698059 0.803258757238256 4.02026871793475
2.80389524535317 1.36056750828135 3.41733432110872
2.24970478144787 1.61763462255545 2.62146158214601
1.66139811039146 1.79967466610931 1.76824594445507
0.933112285316828 2.02943565282031 1.00960344163561
0.0830025506343273 2.38055433400609 0.471655721144916
-0.7807820430852 2.8395930324044 0.152352637368849
-1.624141381723 3.32274745180085 0.0360387072344857
-2.47033778207185 3.72674560296205 0.0533036610312494
-3.38069274312769 4.05148363177538 0.0211529302225325
-4.3744045017677 4.2747942052467 -0.184515843334771
-5.38808264704934 4.3330918143006 -0.521400241967457
-6.32170000679152 4.18139417421491 -0.943572877539766
-7.11880071463615 3.87310789754181 -1.40315640996296
-7.68031319949051 3.34911176989759 -1.9300194624987
-8.0324703104713 2.60841724755405 -2.43578110272819
-8.12795934978139 1.65435770768397 -2.81393687625715
-7.98345990219678 0.631873583639286 -3.04102907891211
-7.53096268142058 -0.312588598849736 -3.11746056638919
-6.79959563408496 -1.09984783871322 -3.03313620126739
-5.89474522315867 -1.71048848073605 -2.67537918373162
-5.03918938224842 -2.11656772836722 -1.881859786348
-4.37063442660342 -2.354808385018 -0.763400202430228
-3.86852068808332 -2.54474963616221 0.502611493450509
-3.40425972553705 -2.7582298932143 1.7298625800073
-2.83558909049369 -2.91579535502047 2.74947305337204
-2.15938032184352 -3.12602265531109 3.49178966969917
-1.3439517659164 -3.22522124862538 3.81789795453645
-0.512248720550505 -3.20688621146442 3.82936192473604
0.231295289219119 -3.03231560865199 3.46219207625716
0.805849375719551 -2.79317102863531 2.81094861267826
1.391349348709 -2.49886961517865 2.0361632102336
2.13761515910914 -2.28459962144103 1.26542102555731
3.06895221106659 -2.20834218070912 0.684791993353346
4.08467899081302 -2.31330709883924 0.379854514124707
5.14644787458833 -2.36190024536967 0.198362216661106
6.19822519055256 -2.24951821448762 0.072626836155526
7.11761982034994 -1.91444310637368 -0.104424271774554
7.85982316094448 -1.41389868128077 -0.369630023436261
8.38908942200402 -0.762509114160278 -0.7915743842119
8.71137943826522 0.0127840558273783 -1.31414485583481
8.71831752724509 0.870960427157095 -1.90300731318185
8.39897927404418 1.69377654972374 -2.50553119547263
7.8200266819405 2.45645143039066 -3.03720126515321
7.02586411512318 3.15538565346919 -3.40602073093437
6.05660055930702 3.74829082059689 -3.51314325509918
4.97686526819184 4.18970654702955 -3.27167885879415
3.90713243737097 4.41678286514032 -2.59778212689618
2.97712615989335 4.43122371619198 -1.56013041242725
2.19118135393168 4.33001563879236 -0.308774485051743
1.4908220401637 4.24036010946096 1.02176495058023
0.805184577830737 4.04371598283065 2.24843900489033
0.0790679046652788 3.7390660832801 3.21663009733243
-0.690593721512282 3.25215510984676 3.86760709382162
-1.48629808999464 2.73647085953087 4.18823162432545
-2.1612983076408 2.16911861502702 4.09220183199323
-2.54699474955666 1.52409456384392 3.66496569715903
-2.66261011133973 0.910375791779787 2.97741793897003
-2.55328728866061 0.306209776852059 2.19320137757566
-2.29837557161746 -0.36808898506377 1.42315759776806
-1.94092289357598 -1.17595821167078 0.791349879820625
-1.55322082651758 -2.12297608591944 0.375469574951584
-1.28848762802521 -3.17607323626545 0.201763147753329
-1.16943326084954 -4.22313556330513 0.315505729230768
-1.0709166758245 -5.20713117449295 0.535833122289427
-0.820722811494748 -6.12558784666129 0.661829322219066
-0.385003512180658 -6.99026188773201 0.665228698809717
0.255874688273148 -7.75306911834947 0.556979376555984
1.08882453386749 -8.29068177591983 0.32781778492471
2.02440081398771 -8.59763398064012 0.008566189266832
2.97942207254178 -8.67806109049813 -0.38585764590817
3.83008123143026 -8.47518333225342 -0.866312231708791
4.49216040340186 -8.05153440157881 -1.39972343369324
4.90566972945629 -7.44328941723539 -1.98849873296897
5.23005569356614 -6.73555934479257 -2.56895669198691
5.50233052063681 -5.92071446531041 -3.08322347616638
5.66672697293439 -5.00125124659449 -3.47501145653177
5.73583705839274 -3.98349694084585 -3.68542028067161
5.73519288194899 -2.89995997390504 -3.65456145647559
5.70443245275151 -1.8196793080182 -3.38629278308256
5.65510308114487 -0.81097011435738 -2.85461871783364
5.59988748526028 0.0466368911731469 -2.06367506234954
5.56135762269157 0.788823633118278 -1.18500086914053
5.53853406249087 1.47114561648653 -0.357425528029013
5.44641995115507 2.19052895663982 0.336278656014853
5.2081184673997 3.01441076678981 0.849466506507891
4.89762985990822 3.86330546946456 1.26569760431584
4.50125592064087 4.70139394968688 1.5267571396893
4.00215021961673 5.50572216138072 1.60650650980763
3.36463579721499 6.20885160849094 1.42720464388854
2.62534439389355 6.71468663445196 1.02706081690962
1.81014514907106 7.04535298010148 0.482118131337105
0.95275980638086 7.21208065029695 -0.16924339915019
0.118631179691963 7.21077484236537 -0.880935093005265
-0.668457213746844 7.02367904816373 -1.56570150459676
-1.43605161146814 6.68729654208058 -2.15302032697538
-2.21122762863343 6.21222070007102 -2.59341509406431
-2.91848952316651 5.5676877261047 -2.90580752258177
-3.56789111814119 4.7338987665499 -3.01988202615515
-4.16060719970932 3.7505984060569 -2.80457710389899
-4.67389137997724 2.76753444374098 -2.19882669657818
-5.09593397526426 1.92791844010717 -1.2844663478333
-5.43602965902091 1.19635604447279 -0.303471277388862
-5.71431285292051 0.429151061663103 0.527685373338999
-5.94704408616088 -0.405126233289768 1.11000210729463
-6.139634843725 -1.28729876017714 1.4618435700485
-6.2721845003733 -2.22546979445548 1.58480615917313
-6.28404796643617 -3.1534122862173 1.4726355944629
-6.16689137310865 -4.01934526148815 1.15620830106903
-5.88167839310726 -4.7430186458807 0.59962305783316
-5.4413775577568 -5.35619593175085 -0.0434626217341409
-4.79457738468322 -5.89108153749865 -0.739418945825396
