-6.67942085182161 -3.60391114491746 1.04003208486449
-6.3677437331619 -4.62034453839813 0.137174953967802
-5.82165807963532 -5.3314596462387 -0.672771475159339
-5.22804940406387 -5.76007499251748 -1.34829528106067
-4.34284255429297 -6.19948640042 -1.88963347750176
-3.21680848190968 -6.49938562634319 -2.25235858776355
-1.85827424247307 -6.59132246291301 -2.13568905981011
-0.545689492624676 -6.60843245507338 -1.56671007266469
0.583526921912593 -6.61501008435831 -0.633070233742879
1.53612600881418 -6.53020965684877 0.466184657153338
2.37870751712776 -6.43706139983855 1.63183962359841
3.34377405746203 -6.20954668875227 2.63254654477081
4.39786930890608 -5.68408433106229 3.13233325336398
5.41522145454306 -4.79127314433382 2.89702805537139
6.05138305444209 -3.9987623879415 2.27451628364575
6.47593116125398 -3.37581549800648 1.14135839074982
6.63310754279179 -2.84092884410657 -0.0362745446508387
6.64936843646175 -2.33350258432021 -1.02059056830368
6.51527102137747 -1.78934427972475 -1.7343295390472
6.25095163615676 -1.13462083204458 -2.2949960310164
5.90790677350226 -0.355105736466816 -2.72686433745268
5.51987866909315 0.472007966401344 -2.92197442187024
5.13700790046216 1.28124818989831 -3.07173419542192
4.56809711186775 2.21171890320249 -2.96682244814675
3.83355640310631 3.01958533215871 -2.52150745788678
3.07271094151601 3.63785178839836 -1.68470957733395
2.41463326231267 4.15858257043098 -0.708371819443878
1.82858813192627 4.56633966206831 0.368672622417907
1.17905395755504 5.06975426267842 1.35719675013019
0.479139949156812 5.763420822486 2.13689906389752
-0.29869797083295 6.66201553368582 2.54914059222782
-1.06462186239789 7.67754829004997 2.49536219468181
-1.90011213592145 8.50215103205391 1.98546471698074
-2.73263383203003 8.95686620321579 1.10113421899962
-3.39593503863255 9.04517745484833 -0.0350770033628063
-3.84427113702383 8.75263310550468 -1.28217344390932
-4.07421536844816 8.13846939646997 -2.51428828874716
-3.98728679932908 7.27279277735112 -3.60217723272538
-3.67823310205004 6.26425376380845 -4.40333561879477
-3.10231126412365 5.24245679107877 -4.5575851505512
-2.477966551466 4.44334461512314 -4.32582939147064
-1.87864479267151 3.83709899086467 -3.66192429506327
-1.37332472914345 3.40720778970343 -2.85019608968584
-1.05501358792761 3.13848740202982 -1.82032880185344
-0.753021105478428 2.79933033736914 -0.475285849800664
-0.506699385989747 2.01489156568994 0.679053692164717
-0.413204700357866 0.584946007531707 1.09571038236418
-0.563745028658332 -0.67097107508956 0.830861000026428
-0.801718741713193 -1.84915896012007 0.251368208304335
-1.11469776148691 -2.95624485542404 0.135055249578447
-1.34870900788281 -3.84345224091047 0.565174277717545
-1.61337789412432 -4.68045135333371 1.26085337667055
-1.84816861973662 -5.43998848607607 2.0198311931445
-1.97461833224571 -6.18569831044248 2.76533035792436
-1.89659586928118 -7.08332418282249 3.15229269344288
-1.63038448335772 -7.981398061002 3.30520894731819
-1.16201853580515 -8.77121138749758 3.02708186783314
-0.633104065911251 -9.36991117185755 2.47662693759169
-0.00434448878067146 -9.74882085385843 1.60597286804033
0.671619011995816 -10.0234891004677 0.620196715551142
1.12034222124721 -9.9005262329037 -0.342438199933533
1.69585742455935 -9.49989928564292 -1.17093236729114
2.26926827210401 -8.82056862875099 -1.93482381331972
2.75642107652322 -8.05232963957852 -2.53169823870726
3.07993457386706 -7.03317802773353 -2.71622794867475
3.24806091305463 -5.87139339165562 -2.43445495478607
3.23906490034818 -4.63602116928586 -1.77460992036321
3.02210657392145 -3.63122681747062 -0.65213862804273
2.63778317433633 -2.95484150336457 0.693230028872854
2.20626548954162 -2.39325638940104 1.81323618859247
1.61433167915578 -1.95632346719056 2.77198071195019
0.637219480749897 -1.65099347719786 3.3791137014989
-0.589824015515142 -1.4936398102691 3.48635299406294
-1.67933886879223 -1.66136311400819 3.21127934654854
-2.61246829399667 -1.8983295300906 2.62508480121037
-3.37629032403986 -2.22221084150372 1.74348647547516
-3.95963539984978 -2.25893248024794 0.730653908675478
-4.50769056006296 -2.03859395223285 -0.420608186413083
-5.02998506687498 -1.4110543650083 -1.51834573013487
-5.31788595813565 -0.403020388566354 -2.293348525586
-5.48159118208038 0.855253654951213 -2.34044946004964
-5.36714128361818 2.18004846026522 -1.7170224847984
-5.09645911684035 3.21785251003813 -0.654674791934298
-4.46593336925173 4.11498815830413 -0.0653613113097608
-3.50935105284811 4.93457272780357 -0.14681351188696
-2.49516612107552 5.58043505978343 -0.772704151300999
-1.41078822359526 6.15779832296809 -1.73531970727485
0.022095295408209 6.75406898801875 -2.68431130511066
1.56997278915486 7.1932410876772 -2.78504672376956
2.98858325385801 7.40080584458782 -2.19976066112946
3.82424186188065 7.36186520293023 -1.11274678396047
4.16740686458559 7.05301302421383 0.191232586495878
4.29585749143202 6.59708170453333 1.37675447867961
4.25371161224421 5.47587980248517 2.31563069860237
4.0561206524516 4.23821538044232 2.58903205911591
3.71987685967821 2.92103738677219 2.36855175985072
3.29651179938171 1.62481002949342 1.30057341234229
2.76513152769449 0.899456333437477 0.296862650596428
2.15116259060985 0.39237399853964 -0.683557716290968
1.55123170640985 0.0387423631444044 -1.68009354269877
0.287843473743263 -0.168111907800769 -2.40879253171091
-1.05501499813927 -0.214236824284066 -2.33542373144186
-2.16871166564609 0.0361684866805301 -1.550886317178
-2.88402679917036 0.47986803392617 -0.358053510775791
-3.73172925880166 0.738966009949614 0.775092328541599
-4.66451796991648 0.543201176852258 1.65710261339352
-5.72531979967335 -0.145180472897711 2.24638116774033
-6.45856381427847 -1.24130060698116 2.28234617184571
-6.79824834085955 -2.56310518523178 1.83403842295347
