-9.31367025696645 -0.743633948457272 0.164389575635857
-8.87784709050843 -1.47856336741731 1.1919849673379
-8.35625597067249 -2.24753475986353 2.09620634133741
-7.68891737563548 -2.9860664184532 2.83700928925498
-6.81818882078782 -3.67424335152749 3.28434999817379
-5.79654340683151 -4.2685959644185 3.34705313897985
-4.75853595638005 -4.71747440603471 2.90838804108838
-3.82445277336312 -5.01323246216767 2.10331377755411
-2.93368132803329 -5.06683015745265 1.05607449259909
-2.02381292433054 -4.89322220836641 -0.110518934509382
-1.02884495806014 -4.50574279158479 -1.23446713210108
0.139781295445813 -3.97708389900812 -2.08068912316081
1.48733737827255 -3.36297314214847 -2.28604050758574
2.79547164271054 -2.85023503577119 -1.79584112325581
3.90131923089448 -2.54377290797005 -0.801107295933319
4.93262325788197 -2.41673529806366 0.349475256768565
5.96938853413486 -2.3818379506414 1.51933994895919
7.1275221311603 -2.35066554935029 2.5527165262909
8.52117585772246 -2.24694536992848 3.17702194871817
10.0098126341123 -2.02541631184729 3.32570453611127
11.4012312464016 -1.64487814002558 2.94625921047472
12.4470568588677 -1.10851315148458 2.06692269789796
12.9034992198979 -0.487630309325002 0.856048668135414
12.5992586641224 0.120466505166394 -0.371233230951203
11.6100441023564 0.659403863840103 -1.21306947355068
10.2854100169309 1.09927038482668 -1.55024720932383
8.89596838916819 1.4838026616095 -1.41326359169863
7.58035521018151 1.76991914968266 -0.833204882532025
6.39537587031016 2.02478587325782 0.034083549925201
5.27032344094752 2.35657085571958 0.960432925659039
4.09216799878948 2.85121364641362 1.68620914779476
2.83475942088068 3.4974819729345 1.97435423023406
1.57823390790305 4.1651724247923 1.73104405089735
0.403577820357913 4.6914382703965 1.03870789673352
-0.693117018643941 4.96360690249488 0.106581879622782
-1.7826535972382 4.94766177148816 -0.819697480743929
-2.93737546581808 4.67833179556194 -1.48547824671078
-4.14421971745294 4.28730282579879 -1.67330983860708
-5.29314461565225 3.93619656452288 -1.36773667108961
-6.36203338066917 3.67728310982955 -0.787342381539869
-7.35174534444181 3.4859602963362 0.00800625511086533
-8.2387411174947 3.27822031273397 0.970598267951369
-9.10608903217999 3.00622482105081 1.92757061063271
-9.94236601460142 2.59691330308137 2.80000615535897
-10.7332698151718 1.98244424098184 3.48414506678929
-11.505454315926 1.11398958689028 3.59638224649333
-12.1002613194164 0.161805491445773 3.24746114217002
-12.4182810818053 -0.738269834626508 2.58019618367747
-12.6034634657166 -1.6054935301708 1.82746082917679
-12.561027358923 -2.40782352292426 0.972219501759714
-12.2588153104197 -3.06123007590746 0.0236443334859193
-11.6499105932953 -3.60589165088738 -0.844814615574361
-10.7256311151497 -3.94198126531119 -1.50028652402182
-9.59134651506788 -3.94958412220204 -1.90368659980851
-8.35146494726509 -3.70389181806107 -2.02600076462869
-7.13271866399026 -3.35499033487321 -1.93682895632289
-6.01073103636407 -2.93854944126122 -1.77991682419413
-4.93668249194819 -2.48900893235304 -1.61177802139602
-3.91433201606234 -2.02328692608007 -1.45517106122714
-2.93821671883305 -1.52532653076319 -1.356297839017
-2.05308250119391 -0.990435162577039 -1.30091200353254
-1.280304171448 -0.340089959896074 -1.33562011239936
-0.571406585162371 0.36707081371205 -1.32178072948283
0.107907847764796 1.07384735366078 -1.349839542089
0.826081118379474 1.80606970284969 -1.40545526119322
1.64173323050029 2.57452796740763 -1.46760987743975
2.47467668494015 3.42858384286752 -1.52311707161932
3.37954433101232 4.22268857621707 -1.40810471152304
4.32235263412411 4.87405295032362 -0.969011611520076
5.25825001462723 5.29850328039189 -0.231473539330501
6.20564513675481 5.47911566800418 0.582989319963982
7.16143532889919 5.38693268101804 1.32147659706934
8.0491545374899 4.91640999779825 1.84527579463602
8.66606636491859 4.03331592382895 1.97576092478927
8.95891742722285 2.97027284964404 1.75466413684196
9.07868767942418 1.83552889101948 1.36835160183791
9.08967605130601 0.630283895336668 0.921401865537421
8.99748368143241 -0.620709169337976 0.479012147956833
8.79279448119551 -1.89296138005764 0.155781158081636
8.42279318702574 -3.13739043399955 -0.00063293107483074
7.84540453732872 -4.27917185110359 -0.0491628752989431
7.0658498032242 -5.26025585335158 -0.0603663665273619
6.08992969444535 -6.00797465613804 -0.0321451054525112
4.9431445018821 -6.38186055481993 0.103854668732895
3.77141055227223 -6.24711724306043 0.416445040446667
2.74890721036647 -5.69613118675371 0.859101550995515
1.89543652435576 -4.89729299069143 1.28331040005335
1.17643197002268 -3.98758537843966 1.5620211239301
0.632177262834428 -3.06976074268023 1.74444125710648
0.13049147831703 -2.2233325668766 1.8599051348321
-0.358296563027096 -1.4056138014684 1.90781227220597
-0.890934597765077 -0.673507288212836 1.89571684617305
-1.38985023421778 0.0672427560999636 1.98453774389189
-1.8846670823212 0.748617763031585 1.99677794755521
-2.35360705814401 1.4291242801459 2.05358125952382
-2.77484187114542 2.1370914933561 2.15242339031769
-3.21566765257527 2.82832578949926 2.29050737665408
-3.71403121391344 3.49327943349954 2.56154939388858
-4.25005551626243 4.21856427822247 2.80916148205002
-4.95495584588016 5.02164445710509 2.79469730229421
-5.80239687410537 5.79770869009343 2.50164416299511
-6.68728495178821 6.4887588012098 1.90803178053045
-7.6301361700355 6.7961762576463 1.06117203636984
-8.52228040027273 6.69722944168608 0.0879123582102568
-9.27625169516359 6.06836325497991 -0.837934044523547
-9.83136254055794 5.07678702619882 -1.58797545431618
-10.1089795539963 3.7870552286703 -1.96415413518939
-10.1612381772412 2.42273550472889 -1.95813848619283
-10.0210179007402 1.12827215396374 -1.56666623584301
-9.70937519099166 0.0581262523177168 -0.828424551568035
