-4.64895446678104 3.92124279587931 0.125345747731687
-5.24614637169204 3.01072740718689 -0.0588207419079269
-5.51742201841114 1.98469914403454 0.16816534883029
-5.6041544493939 0.886920947731061 0.544525759037648
-5.54281938435063 -0.341854628499815 0.595918405143051
-5.24580956887602 -1.56213359297266 0.254751205579736
-4.8299474956741 -2.69077452218749 -0.371889472104806
-4.3652987628163 -3.76409211273278 -1.05608775025955
-3.81457906134985 -4.80353219394856 -1.61941451535233
-3.17772069756459 -5.79944889325222 -1.96058885663741
-2.51418145772243 -6.73629823067571 -2.02373838022827
-1.86982377593087 -7.57376431481013 -1.78940234156117
-1.25204471581564 -8.21099815321005 -1.21230064162476
-0.630440979145832 -8.60484999383998 -0.423529761022672
0.0437938679477844 -8.74118998797191 0.435824171266084
0.816924358625281 -8.62146572966503 1.20938223888563
1.68492380996403 -8.25550194960836 1.73735034836431
2.56984251921881 -7.71347246161202 1.9466372075767
3.37878863152178 -7.07031186973113 1.83995799132238
4.05477741251574 -6.41156501954155 1.49873008951796
4.55706993251008 -5.84091261741174 0.9215374006171
4.66848079483159 -5.31633650810374 0.145563352306365
4.31234644894571 -4.83708354090702 -0.65403371406652
3.58915350911075 -4.42336626898944 -1.29713374162456
2.51412998357231 -4.1273264192006 -1.57911133749732
1.29432659877126 -3.95993564964657 -1.5178439709502
0.0878225555545061 -3.9307716598951 -1.04883439676317
-0.978629731197102 -4.029176759223 -0.279151906594947
-1.90613136347163 -4.204406127118 0.596307267375576
-2.80290016596536 -4.43922733905076 1.36435603868234
-3.76032321335538 -4.65826920750541 1.87737130128357
-4.7898470106519 -4.76856028643591 2.05104894655259
-5.81383864610019 -4.66898787545733 1.8218048974673
-6.72129642044781 -4.36745928896478 1.31251744648197
-7.41377502787699 -3.87876797854426 0.614820593775841
-7.84312626713723 -3.2576775019792 -0.158721806108497
-7.93432000787803 -2.57086738590428 -0.931500866291107
-7.69809812524388 -1.88495220184749 -1.61429194892832
-7.17664978067066 -1.22776484962452 -2.11766591031329
-6.45800799006343 -0.621977301871645 -2.40146088818
-5.57607885825938 -0.137076499729992 -2.35401477465435
-4.64418306414322 0.224003618717501 -2.01124477561949
-3.78824989759596 0.439485019127581 -1.30542102467841
-3.11408133073539 0.52357716140419 -0.300745307470051
-2.60283110604359 0.459647623745038 0.856709427793519
-2.11639417752984 0.229485658253407 2.01351769140379
-1.54482123590894 -0.174404409702531 3.03823724811933
-0.796892749865861 -0.671231712750626 3.77644765153963
0.126870181600558 -1.1512457161706 4.09852204345406
1.1534423000364 -1.43847659240445 3.98021193944308
2.13014558698215 -1.47310374687865 3.4985813514887
2.8585518793431 -1.31124800707172 2.66842227629961
3.21518924525565 -0.943557917534581 1.64896525012026
3.15412309433538 -0.430978489404021 0.631740712047517
2.67767066372108 0.176602005710797 -0.181190575181973
1.94609831162625 0.885139031501731 -0.60564270398576
1.15975006205626 1.6635914614137 -0.618156802400554
0.381505474896595 2.39945576972568 -0.342519867194347
-0.335654956972643 3.21172990846623 -0.182666368228473
-1.00463829010504 4.04705519665149 -0.252374069647426
-1.50473079664831 4.89982055988639 -0.56156661866058
-1.9008753391594 5.72451368017158 -1.01908242337432
-2.03415798728525 6.54992433772288 -1.53897964065105
-1.93884032710353 7.31414545162703 -2.14179416520409
-1.4905224945183 8.02800774974191 -2.57817391784192
-0.710344787246483 8.51951165720837 -2.96607991810497
0.302756600288394 8.68623902744372 -3.29221382390503
1.39235156012825 8.52589501249834 -3.51468111420876
2.41885970207541 8.03445186103102 -3.64256727659651
3.22852244724237 7.24153442186286 -3.60380139439564
3.66068753683686 6.21841693151102 -3.53095503869119
3.64345650631795 5.33336623411299 -3.36099857692334
3.31528526415218 4.62277584001891 -2.91565439517108
2.80324319593784 3.97929263538054 -2.17247128424566
2.55430710418347 3.72135444018627 -1.17707739453192
2.37952712916465 3.65567708841311 -0.174185674701066
2.28241737311688 3.69553017792258 0.751271291614876
2.1559441807153 3.78384578947798 1.64253367101067
1.88601290104935 3.78918073613857 2.30536029959395
1.43003849885279 3.51005855617927 2.73942089176661
0.823214381230864 3.0390859921903 2.78296054631506
0.365540065114853 2.28743452347486 2.58974074750408
0.115709579995163 1.50740361560348 2.08953662837124
0.0468543862265427 0.556148502975378 1.63704610820872
0.0637856269803982 -0.405582658608552 1.29742788324533
0.188694009983999 -1.28429438991738 1.15088659476303
0.405547464403101 -2.14799992753692 1.19346068021286
0.703323757366339 -3.02532921040592 1.28487149593882
1.06703433391114 -3.95327285255108 1.44176538431937
1.48145271841887 -4.94594702769306 1.23512643153008
1.84742288951631 -5.82260531210613 0.582713188290178
2.29981790049415 -6.40155476522812 -0.348631066781712
2.86321773755411 -6.69800584347357 -1.48119547118955
3.50605606004724 -6.64617731159942 -2.58327857136717
4.20532253724056 -6.17354914068312 -3.46072487043372
4.8759135081409 -5.30429827182533 -3.91804887516697
5.41889828706828 -4.2359973303901 -3.98820645121477
5.82191930661508 -3.10727607743384 -3.85344426746969
6.10896001198674 -1.977245794364 -3.59631083265749
6.29996250100367 -0.868608995795083 -3.24418062928911
6.40285856677426 0.216853155214685 -2.78088456387355
6.40414977300883 1.28125392458266 -2.20229277092835
6.32852231431928 2.28665123858744 -1.44497774360433
6.07532629604193 3.27439962383982 -0.690447649208137
5.55183325935393 4.26480286581808 -0.129039043866089
4.70390366918583 5.15574907486734 0.104999810738962
3.66606128815412 5.88734945935673 0.197683942290945
2.50723052391614 6.35923214968471 0.374462319806567
1.34247508882912 6.54546000857494 0.783156293361693
0.199605985433723 6.57037236755463 1.27319896808758
-0.943551479110361 6.37417907189625 1.70878046481552
-2.09508955260513 5.91901767240117 1.79145127072071
-3.10298234381415 5.35387465784057 1.37001808295917
-3.92184552822192 4.68039238535011 0.718270378194634
