-7.8207473037346 -1.22572407991012 -2.18818236050591
-7.87225299765135 -2.29035938009303 -1.67478382172578
-7.78031589727319 -3.28626040394648 -1.04495869516753
-7.58350756224197 -4.20971320852953 -0.329595328033434
-7.21103965982485 -5.07685999705148 0.405603094761231
-6.60648838719937 -5.8581058434038 1.11168365704169
-5.74421030871381 -6.48021209585485 1.72792236078653
-4.66579560534826 -6.82861004883941 2.21370363654624
-3.48515156288853 -6.91433898337757 2.4996920426529
-2.31960018618913 -6.7797835543454 2.56776464776015
-1.25449016080715 -6.463801385105 2.41922215097727
-0.333145161913314 -6.01377483416725 2.04001642570477
0.345783693311251 -5.39983481758844 1.63081217006311
0.694896469900158 -4.61791376756583 1.2826361479387
0.851557351573442 -3.73767203233543 1.12805726981544
0.792360336541613 -2.77898503926572 1.01928021670632
0.39298908959966 -1.95598978016937 1.0642598563306
-0.191234895456552 -1.19489030459252 1.23530259473479
-0.930236897314908 -0.717665030345413 1.29451713176591
-1.8137300829809 -0.453746310641485 1.33449977391437
-2.72779138890081 -0.400338558019682 1.31266635973558
-3.64232016070399 -0.322326851760951 1.25068873122092
-4.59223613084025 -0.0463003653689893 1.26050311614066
-5.48392497710295 0.328057397951934 1.37540001471527
-6.35081863590862 0.883494036369619 1.65029010060805
-7.08212169417458 1.70494816851046 1.98710629739942
-7.52779026938783 2.66018302716218 2.15810060029085
-7.75476691964002 3.64731374186256 2.0485221253788
-7.73999547225129 4.61934689213996 1.73682737250067
-7.4732764438594 5.47329912043763 1.2024521418652
-7.0354644820721 6.21446564957441 0.490661183366691
-6.44688478503409 6.82067391567292 -0.353253074284082
-5.71626291614223 7.23611749868274 -1.23490877271826
-4.90626308701028 7.39181405731352 -2.08641625991363
-4.03949878794373 7.28690988132796 -2.79428620715385
-3.11609705518822 6.90392762945087 -3.17386634782255
-2.26300601937757 6.32338258374926 -3.19870404754066
-1.53862969038833 5.65267911144419 -2.86711407792499
-1.04715526394276 4.99948484401447 -2.11694055752866
-0.741609752438058 4.41839514417707 -1.15649504567069
-0.490771951078188 3.87680593331286 -0.173088791058211
-0.129162384385915 3.30353607427406 0.6410494515017
0.39212169872711 2.67999759313858 1.18205712266492
1.07112888268113 2.01861969670792 1.36616669045028
1.81682472015003 1.41960982304843 1.18597324141996
2.63204611176084 0.890416678989342 0.823467148727821
3.54914787913445 0.412391413464616 0.457370178605229
4.51277830633849 -0.076132482408865 0.279447655324493
5.37207887914875 -0.703265374198199 0.284332005284881
6.20142523483044 -1.52065506688437 0.295415345571743
6.68749090461464 -2.56792368548259 0.196939558518988
6.9195015890115 -3.6529109647357 -0.0821826997684912
6.7388504192428 -4.68666063331701 -0.590024850634529
6.23443436651841 -5.59587206040135 -1.19294144265746
5.45803007129132 -6.29243175108696 -1.81826236800435
4.53094506923812 -6.80440950605538 -2.33155395365906
3.57144211323457 -7.1914151383677 -2.72003955752655
2.61696442750324 -7.50594486076673 -3.0253089534962
1.58544368216957 -7.68981837085133 -3.23807873209776
0.521604591207153 -7.73047388380965 -3.34071699836341
-0.501406996391407 -7.54938020338218 -3.28036167585265
-1.4398945146961 -7.16804828106445 -2.99170804639379
-2.24486307130542 -6.63747439045676 -2.64748550392379
-2.83921729016552 -6.03980035793493 -2.31677702260257
-3.23472112666797 -5.245062705538 -1.99592020538119
-3.51470898297172 -4.52016883634289 -1.71854012707144
-3.57737640009104 -3.68621751534576 -1.48464745173905
-3.44519919152738 -2.69533319626559 -1.21695719455649
-3.12760794246778 -1.8994599004514 -1.09286631905471
-2.5007624698229 -1.05367884537615 -1.039014893905
-1.77291297276898 -0.400652577441878 -1.11121610234037
-0.969284096666268 0.280493446558147 -1.34810800213001
-0.143604254130053 0.92256463275166 -1.69672236161631
0.777056077727546 1.67958508465938 -1.92735165128537
1.70741610286648 2.63954942769778 -1.91064985439182
2.4116418962704 3.46615536024667 -1.11673475520287
2.90960083962694 4.06626490993478 0.016945937548591
3.39837611828782 4.52677148222867 1.15727699094796
4.0494138896709 4.9121671887753 2.0628716648618
4.8308076598832 5.22410420953843 2.66191688138447
5.75834624042459 5.38990126926808 2.8478865280448
6.73965020377331 5.29667903365365 2.66334156102532
7.56238866891419 4.8747902075898 2.04175313854458
8.09882991231572 4.36461317252907 1.11978499978298
8.36124941858826 3.815759145816 0.0977450858106786
8.39206680651911 3.18927425390002 -0.905656259312432
8.15785492216889 2.38149269175956 -1.9620520607592
7.5753856232994 1.42074403470073 -2.73666064487578
6.98303946566653 0.51892147239494 -3.26255698451559
6.26675171068258 -0.445143737005456 -3.51242244538898
5.47583749091721 -1.42038354295513 -3.49868683130172
4.65853804617382 -2.33255791990252 -3.24217531476544
3.85917933911749 -3.11038314511692 -2.7780464386006
3.25152090948467 -3.48223990867695 -1.90021912526682
2.67125070343632 -3.5688725102805 -0.786859819661742
2.19028724236594 -3.36102312544252 0.448657150740638
1.89210670879441 -2.86818314251761 1.68691293895662
1.93516042400911 -2.08658039843045 2.72212986570232
2.19260903711011 -1.2379022251036 3.45318613651172
2.75867954397859 -0.326093012948152 3.7833672025397
3.52466628694075 0.610938737058853 3.70847285918311
4.16095308567286 1.31970316541764 3.19539520642177
4.74021830075133 1.92743842694112 2.3309448412767
5.1694588341202 2.4987643296767 1.21089300957961
5.37176801890258 3.21577185056371 0.0590353905625287
5.32712851099306 4.17400271508022 -0.869177386490674
5.02093623263339 5.26211705827308 -1.38447032135256
4.4574852399005 6.27946378334872 -1.4534170918759
3.66140722706386 7.09458509245826 -1.1726214138192
2.87083911710256 7.54100890750821 -0.470714177274784
2.16359543287408 7.76016586125327 0.417712826225552
1.3974002721618 7.72105630104398 1.31784644055741
0.480253830366092 7.43681356432489 2.1815094626913
-0.576191068703293 6.89535992568507 2.92495920452244
-1.82869955924933 6.12251380901223 3.11534270007029
-3.0349202288861 5.29055772805693 2.69867366739906
-3.90964744853693 4.56352118795053 1.71299035026662
-4.45339851894559 3.95707555248316 0.488445646052265
-4.88257356976206 3.43656847949361 -0.769751246493043
-5.52281255217719 2.82354037830102 -1.80926347514991
-6.35120005373197 1.95650530947359 -2.39759969729878
-7.05911734170689 0.962233631043271 -2.62812750543503
-7.54724303837637 -0.12370041040105 -2.52917625741217
