-5.08160309444574 3.8645889797468 -1.18259091742416
-5.41218766653877 2.96450476615692 -0.403302225764438
-5.51742201841114 1.98469914403454 0.16816534883029
-5.6041544493939 0.886920947731061 0.544525759037648
-5.54281938435063 -0.341854628499815 0.595918405143051
-5.24580956887602 -1.56213359297266 0.254751205579736
-4.8299474956741 -2.69077452218749 -0.371889472104806
-4.3652987628163 -3.76409211273278 -1.05608775025955
-3.81457906134985 -4.80353219394856 -1.61941451535233
-3.17772069756459 -5.79944889325222 -1.96058885663741
-2.51418145772243 -6.73629823067571 -2.02373838022827
-1.86982377593087 -7.57376431481013 -1.78940234156117
-1.25204471581564 -8.21099815321005 -1.21230064162476
-0.630440979145832 -8.60484999383998 -0.423529761022672
0.0437938679477844 -8.74118998797191 0.435824171266084
0.816924358625281 -8.62146572966503 1.20938223888563
1.68492380996403 -8.25550194960836 1.73735034836431
2.56984251921881 -7.71347246161202 1.9466372075767
3.37878863152178 -7.07031186973113 1.83995799132238
4.05477741251574 -6.41156501954155 1.49873008951796
4.55706993251008 -5.84091261741174 0.9215374006171
4.66848079483159 -5.31633650810374 0.145563352306365
4.31234644894571 -4.83708354090702 -0.65403371406652
3.58915350911075 -4.42336626898944 -1.29713374162456
2.51412998357231 -4.1273264192006 -1.57911133749732
1.29432659877126 -3.95993564964657 -1.5178439709502
0.0878225555545061 -3.9307716598951 -1.04883439676317
-0.978629731197102 -4.029176759223 -0.279151906594947
-1.90613136347163 -4.204406127118 0.596307267375576
-2.80290016596536 -4.43922733905076 1.36435603868234
-3.76032321335538 -4.65826920750541 1.87737130128357
-4.7898470106519 -4.76856028643591 2.05104894655259
-5.81383864610019 -4.66898787545733 1.8218048974673
-6.72129642044781 -4.36745928896478 1.31251744648197
-7.41377502787699 -3.87876797854426 0.614820593775841
-7.84312626713723 -3.2576775019792 -0.158721806108497
-7.93432000787803 -2.57086738590428 -0.931500866291107
-7.69809812524388 -1.88495220184749 -1.61429194892832
-7.17664978067066 -1.22776484962452 -2.11766591031329
-6.45800799006343 -0.621977301871645 -2.40146088818
-5.57607885825938 -0.137076499729992 -2.35401477465435
-4.64418306414322 0.224003618717501 -2.01124477561949
-3.78824989759596 0.439485019127581 -1.30542102467841
-3.11408133073539 0.52357716140419 -0.300745307470051
-2.60283110604359 0.459647623745038 0.856709427793519
-2.11639417752984 0.229485658253407 2.01351769140379
-1.54482123590894 -0.174404409702531 3.03823724811933
-0.796892749865861 -0.671231712750626 3.77644765153963
0.126870181600558 -1.1512457161706 4.09852204345406
1.1534423000364 -1.43847659240445 3.98021193944308
2.13014558698215 -1.47310374687865 3.4985813514887
2.8585518793431 -1.31124800707172 2.66842227629961
3.21518924525565 -0.943557917534581 1.64896525012026
3.15412309433538 -0.430978489404021 0.631740712047517
2.67767066372108 0.176602005710797 -0.181190575181973
1.94609831162625 0.885139031501731 -0.60564270398576
1.15975006205626 1.6635914614137 -0.618156802400554
0.381505474896595 2.39945576972568 -0.342519867194347
-0.424420068522758 3.14345447584052 -0.0707070343097748
-1.04437964309746 3.95943451529072 0.389321924567014
-1.36100624304044 4.77912458394641 0.825674056239659
-1.59745610908906 5.81327091722116 1.3813773929415
-1.64486301439984 7.15383472466398 1.53939026389752
-1.60181842376654 8.28837326653307 1.13535608881541
-1.32490483397385 9.13427232019666 0.451411990563183
-0.82156118635485 9.67957306893865 -0.626462667724193
0.0115767131257176 9.9146095824798 -1.80007565477827
0.979670664672961 9.58603069070824 -2.7676027731547
1.95112890938326 8.75773344156792 -3.4275252757447
2.73753317915506 7.69273035420217 -3.646194790182
3.28801149053418 6.45988941884799 -3.58031333605952
3.36161139411531 5.42734676283972 -3.34175125760538
3.1536781118536 4.62264179595024 -2.89955981866895
2.80324319593784 3.97929263538054 -2.17247128424566
2.55430710418347 3.72135444018627 -1.17707739453192
2.37952712916465 3.65567708841311 -0.174185674701066
2.28241737311688 3.69553017792258 0.751271291614876
2.1559441807153 3.78384578947798 1.64253367101067
1.88601290104935 3.78918073613857 2.30536029959395
1.43003849885279 3.51005855617927 2.73942089176661
0.823214381230864 3.0390859921903 2.78296054631506
0.365540065114853 2.28743452347486 2.58974074750408
0.115709579995163 1.50740361560348 2.08953662837124
0.0468543862265427 0.556148502975378 1.63704610820872
0.0637856269803982 -0.405582658608552 1.29742788324533
0.188694009983999 -1.28429438991738 1.15088659476303
0.405547464403101 -2.14799992753692 1.19346068021286
0.703323757366339 -3.02532921040592 1.28487149593882
1.06703433391114 -3.95327285255108 1.44176538431937
1.48145271841887 -4.94594702769306 1.23512643153008
1.84742288951631 -5.82260531210613 0.582713188290178
2.29981790049415 -6.40155476522812 -0.348631066781712
2.86321773755411 -6.69800584347357 -1.48119547118955
3.50605606004725 -6.64617731159944 -2.58327857136717
4.20532253724056 -6.17354914068312 -3.46072487043372
4.8759135081409 -5.30429827182533 -3.91804887516697
5.41889828706828 -4.2359973303901 -3.98820645121477
5.82191930661508 -3.10727607743384 -3.85344426746969
6.10896001198674 -1.977245794364 -3.59631083265749
6.29996250100367 -0.868608995795083 -3.24418062928911
6.40285856677426 0.216853155214685 -2.78088456387355
6.40414977300883 1.28125392458266 -2.20229277092835
6.32852231431928 2.28665123858744 -1.44497774360433
6.07532629604193 3.27439962383982 -0.690447649208137
5.55183325935393 4.26480286581808 -0.129039043866089
4.70390366918583 5.15574907486734 0.104999810738962
3.66606128815412 5.88734945935673 0.197683942290945
2.45667783220911 6.39997681600632 -0.00802649388979479
1.10897487413804 6.62568525878254 -0.632628629636499
-0.052568382568681 6.71131560331548 -1.22075294056187
-1.35323459944358 6.55699180837518 -1.81357614179495
-2.57257109774917 6.19160468829722 -2.09056757234695
-3.73253630025661 5.51730677519597 -1.93261700752872
-4.56578435896695 4.69636382901962 -1.68307123368419
