-3.58411238709055 -6.4046256312433 0.221419532301684
-2.43154289147062 -6.51388794206937 0.42416341368175
-1.22075073040575 -6.44381952291639 0.661682724965743
0.0558454600942371 -6.33778038540041 0.945002831647862
1.08638592509697 -6.02432640907406 1.22632139377777
1.90288062967952 -5.66711232942755 1.62267916531357
2.65295264579742 -5.23512240840429 2.04339407502712
3.15903321277653 -4.51479906553897 2.60863325700823
3.49841781569195 -3.68613769261598 3.1685284564552
3.671600268607 -2.76433857501801 3.83006461140737
3.70047742238956 -1.8196582093702 4.33067399660037
3.64515968005593 -0.874461130220104 4.51089864663918
3.44726132560632 0.00244894357514128 4.37341260826829
3.18970919698059 0.803258757238256 4.02026871793475
2.80389524535317 1.36056750828135 3.41733432110872
2.24970478144787 1.61763462255545 2.62146158214601
1.66139811039146 1.79967466610931 1.76824594445507
0.933112285316828 2.02943565282031 1.00960344163561
0.0830025506343273 2.38055433400609 0.471655721144916
-0.7807820430852 2.8395930324044 0.152352637368849
-1.624141381723 3.32274745180085 0.0360387072344857
-2.47033778207185 3.72674560296205 0.0533036610312494
-3.38069274312769 4.05148363177538 0.0211529302225325
-4.3744045017677 4.2747942052467 -0.184515843334771
-5.38808264704934 4.3330918143006 -0.521400241967457
-6.32170000679152 4.18139417421491 -0.943572877539766
-7.11880071463615 3.87310789754181 -1.40315640996296
-7.68031319949051 3.34911176989759 -1.9300194624987
-8.0324703104713 2.60841724755405 -2.43578110272819
-8.12795934978139 1.65435770768397 -2.81393687625715
-7.98345990219678 0.631873583639286 -3.04102907891211
-7.53096268142058 -0.312588598849736 -3.11746056638919
-6.79959563408496 -1.09984783871322 -3.03313620126739
-5.89474522315867 -1.71048848073605 -2.67537918373162
-5.03918938224842 -2.11656772836722 -1.881859786348
-4.37063442660342 -2.354808385018 -0.763400202430228
-3.86852068808332 -2.54474963616221 0.502611493450509
-3.40425972553705 -2.7582298932143 1.7298625800073
-2.83558909049369 -2.91579535502047 2.74947305337204
-2.15938032184352 -3.12602265531109 3.49178966969917
-1.3439517659164 -3.22522124862538 3.81789795453645
-0.512248720550505 -3.20688621146442 3.82936192473604
0.231295289219119 -3.03231560865199 3.46219207625716
0.805849375719551 -2.79317102863531 2.81094861267826
1.391349348709 -2.49886961517865 2.0361632102336
2.13761515910914 -2.28459962144103 1.26542102555731
3.06895221106659 -2.20834218070912 0.684791993353346
4.08467899081302 -2.31330709883924 0.379854514124707
5.14644787458833 -2.36190024536967 0.198362216661106
6.19822519055256 -2.24951821448762 0.072626836155526
7.11761982034994 -1.91444310637368 -0.104424271774554
7.85982316094448 -1.41389868128077 -0.369630023436261
8.38908942200402 -0.762509114160278 -0.7915743842119
8.71137943826522 0.0127840558273783 -1.31414485583481
8.71831752724509 0.870960427157095 -1.90300731318185
8.39897927404418 1.69377654972374 -2.50553119547263
7.8200266819405 2.45645143039066 -3.03720126515321
7.02586411512318 3.15538565346919 -3.40602073093437
6.05660055930702 3.74829082059689 -3.51314325509918
4.97686526819184 4.18970654702955 -3.27167885879415
3.90713243737097 4.41678286514032 -2.59778212689618
2.97712615989335 4.43122371619198 -1.56013041242725
2.19118135393168 4.33001563879236 -0.308774485051743
1.4908220401637 4.24036010946096 1.02176495058023
0.805184577830737 4.04371598283065 2.24843900489033
0.0790679046652788 3.7390660832801 3.21663009733243
-0.690593721512282 3.25215510984676 3.86760709382162
-1.48629808999464 2.73647085953087 4.18823162432545
-2.1612983076408 2.16911861502702 4.09220183199323
-2.54699474955666 1.52409456384392 3.66496569715903
-2.66261011133973 0.910375791779787 2.97741793897003
-2.36306003140898 0.335926427634542 2.25303602349676
-1.81376057313925 -0.228743588174779 1.61447786220054
-1.26706112422717 -1.24176575980947 0.648447779328027
-1.01739721560179 -2.0189053010083 -0.430193907983087
-0.985525958216529 -2.64069174719756 -1.76005407749274
-1.20864276135732 -3.54147839364023 -2.66828887209265
-1.42511171225849 -4.58367081708465 -2.79596027346483
-1.43509891022496 -5.80004071368589 -2.92783126620176
-1.14172932188208 -6.96394606908378 -2.95616587570818
-0.419038121785227 -8.02152309567422 -2.71977639381727
0.436932697682486 -8.63975776955792 -2.50974671900636
1.49889259700837 -8.857601107257 -2.24118021495832
2.56158202063389 -8.77699293997248 -1.99803300857056
3.52371415826525 -8.53923649781142 -1.91386440633505
4.34380774793146 -8.06497685532666 -1.90641605760165
4.89784445994976 -7.42914554548173 -2.16007159739181
5.23005569356614 -6.73555934479257 -2.56895669198691
5.50233052063681 -5.92071446531041 -3.08322347616638
5.66672697293439 -5.00125124659449 -3.47501145653177
5.73583705839274 -3.98349694084585 -3.68542028067161
5.73519288194899 -2.89995997390504 -3.65456145647559
5.70443245275151 -1.8196793080182 -3.38629278308256
5.65510308114487 -0.81097011435738 -2.85461871783364
5.59988748526028 0.0466368911731469 -2.06367506234954
5.56135762269157 0.788823633118278 -1.18500086914053
5.53853406249087 1.47114561648653 -0.357425528029013
5.44641995115507 2.19052895663982 0.336278656014853
5.2081184673997 3.01441076678981 0.849466506507891
4.89762985990822 3.86330546946456 1.26569760431584
4.50125592064087 4.70139394968688 1.5267571396893
4.00215021961673 5.50572216138072 1.60650650980763
3.36463579721499 6.20885160849094 1.42720464388854
2.62534439389355 6.71468663445196 1.02706081690962
1.81014514907106 7.04535298010148 0.482118131337105
0.95275980638086 7.21208065029695 -0.16924339915019
0.118631179691963 7.21077484236537 -0.880935093005265
-0.669007022756232 7.03651177660939 -1.52444374974742
-1.43605161146814 6.68729654208058 -2.15302032697538
-2.21122762863343 6.21222070007102 -2.59341509406431
-2.91848952316651 5.5676877261047 -2.90580752258177
-3.56789111814119 4.7338987665499 -3.01988202615515
-4.16060719970932 3.7505984060569 -2.80457710389899
-4.67389137997724 2.76753444374098 -2.19882669657818
-5.09593397526426 1.92791844010717 -1.2844663478333
-5.43602965902091 1.19635604447279 -0.303471277388862
-5.71431285292051 0.429151061663103 0.527685373338999
-5.94704408616088 -0.405126233289768 1.11000210729463
-6.139634843725 -1.28729876017714 1.4618435700485
-6.2721845003733 -2.22546979445548 1.58480615917313
-6.28404796643617 -3.1534122862173 1.4726355944629
-6.16689137310865 -4.01934526148815 1.15620830106903
-5.82644436197267 -4.73156796419009 0.791713618241619
-5.3840402538825 -5.38942491835485 0.45946179676842
-4.55087312887061 -6.01275879129338 0.181062204311923
