-9.2970334185532 -0.745009456083981 0.1599480993172
-8.86877446173735 -1.46253726847622 1.21939506945567
-8.3473258280386 -2.24319782147434 2.10158027361726
-7.68491298055161 -2.97203019567596 2.8493323137705
-6.81407061071589 -3.65166040268582 3.29094355971141
-5.79955447269218 -4.23729802052737 3.38608361203706
-4.73289271340376 -4.68061017564033 2.93150935472714
-3.84814468620547 -4.98914952478843 2.16273852962325
-2.98092169840473 -5.05060025970785 1.14542356634823
-2.07080368611919 -4.89088457704282 -0.0604918375166425
-1.06945588181318 -4.46285225556795 -1.28353561802232
0.0976827363272438 -3.93888452598333 -2.2400415140799
1.48923486316547 -3.28768631044133 -2.42011340696818
2.82816946594668 -2.76554154724594 -1.89848895194971
3.87955863594015 -2.47639528090055 -0.804581089263399
4.91267762807894 -2.37990090092373 0.336248187557347
5.93706465710981 -2.36613493243111 1.5129297022081
7.03761434200237 -2.34885374183341 2.62751689345668
8.47008945719647 -2.25104202558777 3.24714560755358
9.99785673231315 -2.04501011667037 3.42438863568138
11.4486084612107 -1.66986570440243 3.05128625071253
12.5585185871455 -1.11145761027072 2.12711864652934
13.0422287256715 -0.463402149277728 0.835315946270586
12.7085430988043 0.137056716791029 -0.462515643895551
11.6529076109553 0.668088124206968 -1.29638002502628
10.2161112044563 1.09461891427451 -1.61095687450154
8.84178778910642 1.48604227774866 -1.45352710239486
7.54611299857537 1.75333063934451 -0.857061796785723
6.37318280826001 1.99538188032327 0.0360592952393937
5.26300275345126 2.31245776512375 1.00238612275629
4.08937365162888 2.79931631215699 1.75990394588088
2.82480199656064 3.45365246244524 2.05808342170032
1.55419701698711 4.14091889016094 1.81077403902426
0.372022564312313 4.68804043440693 1.08226978971864
-0.719941389530832 4.96421774140682 0.0966634764640667
-1.80408665156471 4.9339141774702 -0.876907136119672
-2.96465807726021 4.63149019938518 -1.55386042988004
-4.17324233408412 4.22256568149913 -1.70700003873596
-5.29480482825422 3.88393401490349 -1.35138579683282
-6.34323005565341 3.64433344313355 -0.793801785947294
-7.33828223867869 3.48279672129623 -0.0382289279973675
-8.2059442144747 3.27638797612017 0.951855014638361
-9.08757660414469 3.0019848352308 1.92202983645863
-9.93235994434506 2.58905792168909 2.79930652491286
-10.7042185387293 1.98608894602378 3.54392524019212
-11.4715003573153 1.12337571757417 3.61510149769692
-12.0927847500501 0.13473613919557 3.24606161798742
-12.3599484543027 -0.733412036189714 2.54996647175376
-12.5637513245912 -1.58858224123707 1.82568826159849
-12.5284367793759 -2.39505921660087 0.993699767383554
-12.2402246597814 -3.03436536529854 0.0204261782423813
-11.6355406047402 -3.59564907434711 -0.863297546476488
-10.713305652306 -3.94433143324542 -1.50052585942307
-9.59789609324944 -3.91400177517894 -1.7441365215783
-8.45834805025251 -3.60665842272866 -1.68988540539818
-7.32150014466756 -3.19143275852427 -1.28217170705736
-6.27117379217923 -2.72777945181041 -0.547367082996354
-5.37017726269015 -2.2255164755327 0.428812478762374
-4.57619204237942 -1.70508907716478 1.51238957386626
-3.78163267840239 -1.15527030526925 2.53858850330522
-2.88000226916832 -0.489864466133834 3.27032296961774
-1.83103604583405 0.27135086601911 3.36661321578978
-0.829258759320218 1.02628769114954 2.92349155440696
-0.0646452334318046 1.5767212536617 1.83994931996912
0.650922447358647 2.06831743701153 0.506753712083323
1.40592707937469 2.65887617168122 -0.634995936357303
2.29102213160742 3.36987763824678 -1.39090637098197
3.29776761217902 4.16263858316034 -1.50052770732511
4.27941981612663 4.83350994920495 -1.00094671096417
5.23408226636459 5.26671424884698 -0.218598348483112
6.19914106135891 5.44617688161704 0.617484051056876
7.17091157912721 5.35854422800035 1.35785415395119
8.05934101880899 4.89300422973114 1.8734818543832
8.64668506981245 4.01785757606445 1.98158502126115
8.91436654853301 2.97758094971214 1.74464594136533
9.03595094144948 1.86196605701562 1.34667806599629
9.06615559399128 0.662819756350371 0.893875330659121
8.9836645889921 -0.594647792492514 0.456273753898232
8.77849205656911 -1.87630627143054 0.148998252407179
8.40632620552713 -3.12417308114276 0.0109794417892805
7.82526609315056 -4.26101410017067 -0.0298599828308911
7.05061447482239 -5.24226123303528 -0.0495102694866268
6.08233815801004 -6.00528612600701 -0.0387011341348625
4.93103061390862 -6.39983406679185 0.0762223220543902
3.74192335098975 -6.25097409049139 0.382342650301603
2.70892197131095 -5.66783150767264 0.843653858353362
1.84428147488194 -4.82852777166758 1.28726546853666
1.092159339313 -3.87547965871344 1.54076719535075
0.434670572964269 -2.95205216230085 1.4644104558792
-0.100464805629479 -2.19378393658725 1.08536092655892
-0.615359315876247 -1.54598240380794 0.601516975987133
-1.18322725144677 -0.930503188599367 0.080145071325611
-1.83214780119757 -0.218358143441562 -0.205139389622765
-2.45029320247969 0.54971873076329 -0.245021889415979
-2.92728183045471 1.28635103552335 0.103567814502838
-3.25301661101657 2.02891958006287 0.523812313265897
-3.5428772698161 2.70554430033449 1.0963299351845
-3.82483194814634 3.33255248388046 1.86185690547485
-4.23502087208269 4.06929382933539 2.52448465554875
-4.88282653241051 4.92450126533447 2.77886167425577
-5.74691347201846 5.69887819857261 2.52957244467816
-6.64861996294128 6.49751740976387 1.93503561933065
-7.60940818877856 6.79195816861523 1.08099451274538
-8.49971585758567 6.7560734981121 0.101653296094345
-9.27272335359873 6.07538959787263 -0.848750214277686
-9.84015212548442 5.12527989496985 -1.63194948385733
-10.1048976412277 3.74408657555374 -2.00320064256089
-10.1496269951729 2.41403941131081 -1.99694846631723
-10.005756762184 1.03626086699744 -1.57973602287908
-9.68243053267757 -0.0160329643313493 -0.842965388262989
