-6.27797673165149 -2.84567930422678 0.976024076009376
-5.98596412904665 -3.73039869559877 0.107545883234296
-5.56444475742693 -4.58109318473391 -0.774070178878037
-5.01037373030302 -5.41097635891719 -1.6052502750951
-4.30207931268556 -6.22557581332112 -2.29705183657779
-3.41753198406589 -6.99180977443799 -2.74182972860516
-2.37061962008088 -7.60314659684963 -2.89336208031779
-1.21901897227047 -7.92195099819123 -2.95872862697381
-0.0441695157097754 -7.89837010785828 -2.86534771981851
1.04102984745127 -7.53802187323449 -2.6032141856868
1.88020612831601 -6.91103347251368 -2.03603517543268
2.37143406859554 -6.15703541854833 -1.17865049954545
2.55047848241614 -5.34913685996036 -0.175927048892566
2.4997015772875 -4.44354252412014 0.786031614790574
2.24506198609217 -3.42951875467091 1.55017108598467
1.79675399339156 -2.33935308002341 1.97213416749657
1.23754685845152 -1.24742230246524 1.89665966331074
0.715470464173079 -0.274275245023774 1.29590588850349
0.280690513603661 0.595525893805285 0.411536916630239
-0.17215466523196 1.52858322738576 -0.43377453159075
-0.69444817633549 2.61416632459602 -0.996547291592344
-1.16881561990228 3.75775872601976 -1.41748751849486
-1.60024776242322 4.8794533777764 -1.80006306631788
-2.13927474401619 5.93619859938894 -1.93309147947184
-2.908106841082 6.77758380779535 -1.72002777136259
-3.96123365892563 7.28892621983631 -1.54113346721489
-5.17682011661265 7.40013462809147 -1.36888184057921
-6.35380355908882 7.11893135154555 -1.10827729354256
-7.3569378503398 6.49585175308341 -0.965130246134175
-8.05092327728925 5.59141559299573 -1.03725444135737
-8.29420808288942 4.51553493829315 -1.38381168032766
-8.06888918061145 3.46594305849958 -1.85114404316981
-7.40908716478523 2.55199233405898 -2.26019540009611
-6.46159700737612 1.80626029856531 -2.3940727169263
-5.37473782950749 1.30606257740643 -2.21426842659772
-4.31704450698678 1.05099715451038 -1.71231896979295
-3.42924831680927 0.943195239127971 -0.927509679687134
-2.80664871626014 0.948164659191963 0.0999062642008225
-2.33616094064742 1.06719100018617 1.20389124247673
-1.70890062643178 1.44824593464451 2.10576281913781
-0.877386955427539 2.10326397700584 2.52091800092141
0.0184662091921213 2.82189722787562 2.19877815205126
0.751052799753289 3.47961193514801 1.35579090120463
1.36677326232176 4.09449810241801 0.294745464345512
2.05305040663343 4.71704145354864 -0.734406640700432
2.95903949630292 5.32331663067381 -1.52715873840864
4.08470000707826 5.82116249734764 -1.94003704277508
5.30875721954491 6.0917574017818 -1.87379820595207
6.42205740552745 6.0349758541559 -1.3384097743232
7.29188972948792 5.6582463717516 -0.545761232887266
7.86297404873374 4.99090801916325 0.31761763714765
8.09546533899907 4.07674898464357 1.09383105083312
7.9668161886217 2.99874087266486 1.63030143013255
7.49496345644795 1.89529103793966 1.79616572743665
6.77164553338139 0.925442083530956 1.54112971158431
5.93176928286181 0.17156577094658 0.922493436064443
5.07561928422563 -0.391463736015705 0.0473741215261075
4.23282213031641 -0.848469522069204 -0.960042859328531
3.35313976603649 -1.29374574751206 -1.94109084422832
2.34463318176044 -1.79017549265718 -2.68818377582612
1.22603605449926 -2.39655926186969 -2.95782614024815
0.194948593739245 -3.09636351149959 -2.64812525911548
-0.58755086237482 -3.81398777745655 -1.89904735161271
-1.06202654285859 -4.52535364057243 -0.899393137212966
-1.20713399494506 -5.24492759152295 0.179088689256893
-0.97587688331872 -6.01165087967084 1.15540214113904
-0.321742314047039 -6.72688546405915 1.89965656046094
0.683267629447042 -7.22399458382709 2.35521854867346
1.87721400822335 -7.43047756265911 2.53000503886926
3.12064840730887 -7.3738812565366 2.44849830884002
4.3178047226633 -7.11700395302249 2.11626032795005
5.38899208344162 -6.71000427090808 1.53391027457024
6.26114074137485 -6.15023892358988 0.74800330524404
6.92283673264811 -5.4564083273225 -0.150422933167075
7.390210979264 -4.66460206869341 -1.09970412896811
7.65374872630498 -3.76471642255275 -2.03208183605611
7.69537268536047 -2.71732605067996 -2.83134353547339
7.4991677307729 -1.51975419742371 -3.34290786135919
7.0877328927915 -0.251068989051547 -3.40519428986155
6.55006238312178 0.949113011082188 -2.98171267725302
5.98192535967304 1.99621327661935 -2.16814300196354
5.44067292842459 2.87701183030089 -1.07911319905124
4.93781720384326 3.67974757917598 0.128749770661271
4.42900989199321 4.50728135909091 1.27913824834819
3.80292503716768 5.40855821526018 2.17879465450304
2.96007764725867 6.36553469715837 2.54647501708352
1.96860369200834 7.14858839694104 2.2790397462698
0.87632185034556 7.58931198576293 1.78385450161208
-0.296137511400913 7.70260613740385 1.43344264407619
-1.42747125800427 7.50326205155415 1.25753997851733
-2.40943332152874 6.99905848466205 1.25979485147967
-3.21660714673106 6.32929851713003 1.27067194269008
-3.87239260442905 5.54974132317662 1.33065214126189
-4.44270995680123 4.74288970404567 1.40747752625223
-4.92768619857959 3.99035924785132 1.63408916360836
-5.34181411165083 3.19797134625485 1.88569672623367
-5.77007820432421 2.34907989432022 2.17183913245009
-6.08864938244552 1.37309224537988 2.38948428936872
-6.32059422180173 0.290524821256285 2.50811606458939
-6.4473849740167 -0.836944345021178 2.30111568202331
-6.4338458468138 -1.8959581394419 1.75255280189726
