-1.05031215318604 -4.52788408447235 0.390613039461183
-0.734781735910999 -5.1977866199044 1.57642330496458
-0.224930001986973 -5.82058734117196 2.59203881797764
0.547075970873474 -6.43378445291995 3.23498192897177
1.54300927588278 -6.88065794472308 3.48516404547075
2.69352659454727 -7.12167454889843 3.45150430056742
3.85120653988367 -7.12472751031121 3.17389287975085
4.87869978002788 -6.85390064567318 2.61055816929011
5.74260484967397 -6.46119733490832 1.84110068944875
6.3926313304962 -5.93869010271486 0.940526749552797
6.82443309763543 -5.3130068327803 -0.00206369240495782
7.06474651374662 -4.60148221642193 -0.906698003269402
7.1664287273722 -3.81685921779759 -1.73468970222052
7.15692793269789 -2.94113958198286 -2.43385788282001
7.0370645925281 -1.94837116340874 -2.87135074828981
6.81689990379569 -0.873498004955241 -2.99026901602009
6.52614793079456 0.234719734932693 -2.70251034247042
6.22967966943439 1.27394014307083 -2.01213797750214
5.88151821373144 2.17884758880264 -1.03801565534678
5.4968648027874 3.02112227407813 0.0424817947717465
5.08264935574422 3.87548337310535 1.06367960149639
4.57514365322791 4.74375999385867 1.88339916064687
3.94988055502956 5.58822543381864 2.39911368110582
3.18960936196311 6.31075508688243 2.53496518872683
2.33703153048543 6.87168174518329 2.31262642890092
1.4476514151573 7.23566737561745 1.72571771221625
0.590605573180179 7.40766603885469 0.908641497244057
-0.224073607034494 7.39697150129734 0.00697636071418544
-0.985663091366794 7.21952458171537 -0.876848303700591
-1.70242440868075 6.9366866328688 -1.68368053844523
-2.45792134239651 6.47380225266967 -2.30608519446744
-3.2603517835564 5.70965110823966 -2.54286299742433
-3.97048278288478 4.73749789806675 -2.38398504821959
-4.47017549146854 3.7038843170529 -1.75424224271362
-4.80664530798741 2.73520417074276 -0.7956141359938
-5.08371144874569 1.80171087454372 0.288067053365839
-5.3459526929366 0.860530049679406 1.34987716275861
-5.60775295731763 -0.196468866316499 2.18969936059558
-5.82497029060428 -1.41784994584305 2.59625238377235
-5.91004055491447 -2.68739148411598 2.55079394267274
-5.8138177936165 -3.89348932019679 2.17320475566695
-5.51737164954306 -4.95501713304163 1.5320367517063
-5.04966822063446 -5.81781095567154 0.693055799539861
-4.41097269459084 -6.48769866741752 -0.221668640927033
-3.57985339236654 -6.91440497082992 -1.12422286130594
-2.59606055614132 -7.11626946754689 -1.92139285910199
-1.45379625162952 -7.09293171899332 -2.43950487987793
-0.269723878548573 -6.79630168116551 -2.60727513609614
0.803844841050933 -6.25890125503926 -2.35429154289267
1.62400442263081 -5.57870829601705 -1.70545579730617
2.1631852167312 -4.82053680782245 -0.820947208364366
2.48097093609804 -4.05873825426942 0.204749835691014
2.59612786728867 -3.26220938421719 1.26199966841393
2.56946193765079 -2.32268219447182 2.17419108199289
2.49620428780092 -1.17014618424692 2.71814339407192
2.36082994663887 0.0850357128351277 2.73627302937845
2.20829233829491 1.227475085542 2.23220407145934
2.14858044118356 2.14836692982459 1.33688270375176
2.29268653847522 2.89836790236074 0.265450271002474
2.64787439071432 3.56715528669684 -0.793769746295391
3.16009605903032 4.20982367642037 -1.70606049779301
3.86884796387717 4.82054048476127 -2.30982737463187
4.77290469003035 5.27384360950232 -2.54612320090884
5.81005007537473 5.44042933798587 -2.4546948938556
6.83271477533309 5.38353613079142 -2.0573854809144
7.72742192351613 5.15871268399123 -1.3336375977208
8.37937061868041 4.75647406534737 -0.350346043812755
8.79880168835895 4.14918081114081 0.684143908922796
9.01540461799793 3.35842507196097 1.59683880854937
9.0113680440976 2.41058691806748 2.20892386930871
8.77722854207189 1.45109763022679 2.48856418750244
8.21195050334643 0.648255271742183 2.42095958844176
7.45150572512677 0.0434214133815157 2.08550331383412
6.6193337052347 -0.280925452450182 1.40537633831681
5.63135968476704 -0.513774781981022 0.582687288543708
4.35050854978217 -0.723747031744102 -0.251142092942271
2.92325153007212 -0.76507259121216 -0.432028257993483
1.66830699581826 -0.703295177221834 -0.0543996074955842
0.400898560424147 -0.700718603602894 0.352910923266572
-0.82647737445263 -0.746526457119842 0.435161932357461
-1.94747620166719 -0.788115183762984 0.214802739369977
-2.90625775108862 -0.852011598616156 -0.423071239325447
-3.84625874982661 -0.856175103201678 -1.20916721098592
-4.86946121039136 -0.726828165566756 -1.98403397653355
-6.00813929613749 -0.421073286496936 -2.53306723997995
-7.17987654659223 0.0819782053631459 -2.66346456862993
-8.14916725830383 0.782282058174672 -2.2753247414847
-8.71462013384668 1.57189154092246 -1.48328288425513
-8.90396755756753 2.35520824861672 -0.509611728184709
-8.73839642288151 3.0991955463475 0.501024264698265
-8.25394075179492 3.80352419537856 1.4131639430971
-7.52106569578164 4.43421942048552 2.15605285007357
-6.59394166841512 4.9098252346579 2.69947021537206
-5.56502214615857 5.11389755549654 3.08646982277791
-4.50259792646629 5.09990735309269 3.21023071786336
-3.50709647563736 4.93547497780723 2.91255923120747
-2.6999547907426 4.55150029108032 2.33129115689135
-2.06732595801233 4.01048895975094 1.52900392158018
-1.59376229315435 3.3846636830862 0.513648288264627
-1.2810972499836 2.67791209394863 -0.620255103735964
-1.08663573250462 1.81865159064588 -1.69754194225679
-0.985984390905106 0.741261228301132 -2.51497883884848
-0.949963122211483 -0.516204090643773 -2.88298594622173
-1.0324548667149 -1.7989870756341 -2.68089487976663
-1.14682598972993 -2.9184501704273 -1.93979324198349
-1.20380536275183 -3.80753928686123 -0.845212942708579
