-1.04816852037527 -4.53979761893117 0.38669359789205
-0.736071237996062 -5.20785135214341 1.56284796926463
-0.227268391548569 -5.83468404111846 2.57335332458518
0.547973282101046 -6.44590036283338 3.23178407772747
1.55865770229647 -6.89828451591346 3.49383341476174
2.70426208833401 -7.13541118450103 3.45852011210139
3.85791475832256 -7.13388970466764 3.17321104884281
4.8882738943942 -6.87182313320497 2.60996656276289
5.75016986980327 -6.47805259073085 1.84189134650351
6.40093966873458 -5.95856553559608 0.944923424854484
6.83665672089446 -5.33562225604763 0.00385402258387802
7.08289309355748 -4.62446414837374 -0.905993841610034
7.18744020271318 -3.83680126991264 -1.73971798707117
7.17801035549092 -2.95560011649037 -2.44006979776359
7.05698900864959 -1.95281533225113 -2.88302336222924
6.83462973362248 -0.863887829249893 -2.99578522683938
6.54587474320593 0.246548260099316 -2.69728449695525
6.24538341036305 1.27923920001539 -2.00390073605184
5.8988570724257 2.18337931405036 -1.03659057324332
5.51734832319219 3.02810807233176 0.0348601611545859
5.10204501653615 3.88242201695269 1.0496832999366
4.59804047789498 4.74689169448381 1.87145994636951
3.98398520284707 5.5864196911364 2.39577659728132
3.3255033256483 6.33402810300006 2.53517858684269
2.57562730825123 6.93457538858719 2.37935258337222
1.68749254571034 7.26015886803655 2.20022272315062
0.722120153463675 7.37318650863642 2.04340825540231
-0.176627356611931 7.27726376516134 1.93969043451683
-0.993828701691785 7.0909848801904 1.8272810911615
-1.77368716648381 6.71186995460439 1.82540501928419
-2.49549463551394 6.26165136418821 1.81363078839379
-3.16164078130665 5.63015669042826 1.87519619689508
-3.74718664800389 4.862543545747 1.94774134989293
-4.23432068288547 3.94367141040622 2.06451513879401
-4.63201158644255 2.92135659423751 2.16544647153803
-4.99169272770028 1.90279021745561 2.28105369281
-5.33331019943596 0.853891429457964 2.40040017138735
-5.64160473943643 -0.26008138775493 2.53481724570327
-5.84430629577482 -1.44558952734655 2.61055012235352
-5.92205467985461 -2.69735465504879 2.54505712260945
-5.82349438379204 -3.90100689703403 2.16755994665988
-5.52831957483122 -4.96252526857851 1.52516913768453
-5.06007031744652 -5.82780406100041 0.690244522096343
-4.41929515243697 -6.49526721848603 -0.222215394483551
-3.59077612080215 -6.9258642208743 -1.12222061903132
-2.60406882638315 -7.13062810230946 -1.91227273818814
-1.46348321077429 -7.10615676855967 -2.43291588579851
-0.279328768867932 -6.81179007623317 -2.60068710752867
0.794990034588527 -6.27792796672486 -2.34807868851453
1.61793127406567 -5.59834270843449 -1.7044372651974
2.16047695737277 -4.84345912680525 -0.819113329364036
2.47665794212264 -4.07851960056824 0.207435948907946
2.59537311742653 -3.27387443495544 1.2630780345924
2.5751481901271 -2.32688056447699 2.17321510149953
2.49806676791017 -1.17316379031378 2.71761809022671
2.36329501488909 0.0781847194030685 2.73782819671983
2.21656040069033 1.22356656815341 2.23316185859482
2.1641333525672 2.1499538831831 1.3387977935114
2.30584141362009 2.90365336826622 0.270614507346544
2.65021968645997 3.57536499896038 -0.786938927090128
3.15864544175954 4.21997179403287 -1.70025206559653
3.8706802089075 4.83345088465453 -2.31750024767012
4.78940113006508 5.29047822494622 -2.56276310232623
5.83542851793822 5.46100547208196 -2.46604774282727
6.86323145319509 5.40217506618064 -2.05349733632903
7.75250790250646 5.17031983780537 -1.31990133167949
8.40084835977038 4.76327279861367 -0.347286603267566
8.81976641907374 4.16075214677864 0.672958956051528
9.03760003028342 3.3768991102889 1.5784267285978
9.03948692912454 2.43384853382337 2.20400596656983
8.80099607129666 1.46389264368559 2.49639731608907
8.23151560120245 0.643549125537175 2.4333146433882
7.46249567139543 0.038073883293576 2.0805323445309
6.60628867985475 -0.296170202195897 1.39136530808834
5.59395682420657 -0.529684778668963 0.57217953629439
4.36392774887478 -0.714708377234058 -0.182312852905624
2.97073342119078 -0.76030346599721 -0.394594749137898
1.67415772988341 -0.711538862542306 -0.0635965411855026
0.415968471260117 -0.70636962092332 0.328593342853228
-0.814469109825808 -0.747021112137002 0.430997421386875
-1.95452939304919 -0.7927358752196 0.200810703952839
-2.93940671368987 -0.853951142213279 -0.438686816462309
-3.88918128186138 -0.853589355982589 -1.22659453151407
-4.90576272446983 -0.723609648539025 -1.98074430529811
-6.04078660102576 -0.429591030532761 -2.47036958914165
-7.18224882945659 0.110425549025281 -2.67777642174797
-8.10430915856414 0.883588249426733 -2.67673524082579
-8.79420322008009 1.63817324864723 -2.56677132443298
-9.14017806339359 2.61943410221376 -2.35845090944119
-9.20782351532349 3.54037407152141 -2.05438257790444
-8.79822180427238 4.33012608751448 -1.6887913956979
-8.04036311051698 4.99546804836253 -1.43387453730952
-7.12458361857492 5.43550040287242 -1.21530780692774
-6.07595900886212 5.62800870143414 -1.10067286266509
-5.02001599231132 5.53721724839186 -1.11323491539805
-4.01204814572351 5.23058310015001 -1.15951120536736
-3.15401270006175 4.74110436184087 -1.31531824455457
-2.39594567757807 4.27074866482655 -1.42700259158961
-1.83165626773348 3.64302812992438 -1.63155371996487
-1.43073291217428 2.87302037530893 -1.89856889555501
-1.11042604550431 1.9059788415582 -2.20637138834459
-0.993316997773163 0.731848915004983 -2.55397443397058
-0.964136825271596 -0.523853762377337 -2.83124899509508
-1.03810119035085 -1.82682586366697 -2.71976886304383
-1.14966179141744 -2.92569007293643 -1.93224138311446
-1.19474033953298 -3.81319440238717 -0.836266656993469
