-6.264777652284 -2.79561306944604 1.00337968883003
-5.97302395817676 -3.6861880704141 0.121096132723693
-5.54618499350955 -4.54933360420047 -0.777795757226829
-4.98877416515348 -5.38704223945506 -1.63637990203235
-4.27902109272612 -6.21114839272767 -2.3525106582336
-3.39273014114528 -6.99507170351997 -2.80447873786436
-2.34410124118976 -7.60155281456577 -3.01360939021876
-1.19305985524772 -7.9342597650659 -2.95521405391908
-0.020193024883821 -7.90056602278987 -2.84255700031778
1.06910728962619 -7.5360177692647 -2.63330905410125
1.91618490657609 -6.89868155829404 -2.09460552149264
2.41558926374626 -6.13742338037112 -1.22698843550344
2.58945968659843 -5.3665385564443 -0.155338620184707
2.5323327933625 -4.45306130852836 0.846043009628397
2.272892210674 -3.40667593798356 1.6071428662487
1.80884189387526 -2.30699077201991 2.04195971690698
1.22332524583761 -1.20605316466585 1.99060439203722
0.672959771764468 -0.227623931777208 1.37468349167487
0.25051037682143 0.614559650031617 0.420674580910375
-0.174003660981474 1.50086525870993 -0.496049774299217
-0.723753454722 2.5822285957325 -0.942228540516101
-1.30327727228011 3.69529762980421 -0.705867207106409
-1.84712256119929 4.65308597869503 0.0156778570517239
-2.45990995145174 5.44168555880951 0.915186095163701
-3.25400997757152 6.02400046022605 1.79856762929491
-4.32248199530752 6.35312920706456 2.44077155009795
-5.58815969497827 6.39492277474645 2.59448875302931
-6.77478181269789 6.18740164478733 2.12655681117218
-7.61481742550158 5.75631425623274 1.19265837754543
-8.17401117120589 5.10855059678493 0.15805418042869
-8.37109888798129 4.36197503103754 -0.913772183327828
-8.1169505944541 3.47029980430845 -1.8040467953684
-7.42294198517422 2.5272009219151 -2.29033905963289
-6.43496121635628 1.74766864650445 -2.41398180657533
-5.30352914044554 1.25269564473792 -2.22490579794524
-4.21997539553958 1.04359444521932 -1.70078158628035
-3.31309431352008 0.954266513958295 -0.942384615227028
-2.70721947007865 0.9748055970917 0.0649259368653644
-2.21031640764012 1.08822835515504 1.11768739015743
-1.71419408337556 1.40352855105294 2.1060035286309
-0.9276455831712 2.05161880884431 2.58234884706848
-0.00411941316987768 2.75846203309066 2.28485092248771
0.733740332997617 3.42438553281196 1.41899918078912
1.29495200045187 4.04321773230223 0.285268722574237
1.96056021791484 4.68825058641496 -0.799297346182612
2.9079350362711 5.3159550273125 -1.60734354501721
4.07550674373443 5.83027289194598 -2.02521931143023
5.32446520273208 6.11212989100851 -1.95209735608601
6.42817523272959 6.04364097463132 -1.36523443386373
7.29385325816215 5.66732159440464 -0.546263782271331
7.86584217251204 5.0011786883007 0.335881546219513
8.0997756340414 4.08327846892068 1.12900681118382
7.97232168058689 2.99672482018182 1.67981013891033
7.49692572603455 1.88362677113534 1.85475334690686
6.76430117949347 0.910757536934565 1.60335015028006
5.91372629876507 0.16149350893723 0.988266022543757
5.04922715713098 -0.39049510625649 0.106414467807823
4.21693112758085 -0.830878492605622 -0.944833728258739
3.36121588166 -1.27965758020779 -1.99617920849735
2.33722243714641 -1.76234605497545 -2.8004724087448
1.18122630773737 -2.36400002306863 -3.06745327671958
0.139699232757109 -3.07813715304768 -2.7162912596171
-0.652787294745047 -3.80377407469151 -1.93866274885742
-1.13634704976229 -4.5196588960253 -0.910326169807824
-1.27779986129773 -5.21002791042543 0.217149440563514
-1.03795669932305 -5.99372792803914 1.19769768067561
-0.371570383111967 -6.72979849300913 1.92041212058528
0.643508246064841 -7.22843084217765 2.35951429086355
1.84198477093766 -7.42695878742346 2.53093661930075
3.08782642389775 -7.35986270086781 2.45989776481953
4.29232887286334 -7.09639345316571 2.14739067307616
5.38242771619563 -6.70991625484223 1.57313783274082
6.2569999703251 -6.15470969839938 0.771441329425293
6.91568144838041 -5.44749329468479 -0.131745208108144
7.39247694557375 -4.66056770757219 -1.08973159401717
7.66339722867275 -3.77884347701839 -2.04988230088524
7.71200275310735 -2.74213281611116 -2.88350784847876
7.51750930091755 -1.54790759422657 -3.44012717068577
7.09117362654521 -0.26652586021602 -3.52749306276008
6.52727267332931 0.949820461954844 -3.09101326450367
5.93815077370694 2.02238165599381 -2.2646847631367
5.39454217186383 2.89721531188716 -1.11942146613179
4.90146749019812 3.67840024732281 0.160707365616453
4.4051756788995 4.49150593456204 1.38183164010258
3.79965307659323 5.38605721232052 2.3531859707076
2.95760744568309 6.37288680857478 2.71459208866826
1.99041491911222 7.18402750200465 2.29552577709887
1.07641184268536 7.67048762448033 1.38488961492762
0.244955560262572 7.85286543775328 0.264155463731229
-0.660443313849319 7.74873554705555 -0.782030759497377
-1.66452027078976 7.34591828052339 -1.56163779420989
-2.7050906622668 6.67421155685399 -1.89100712454681
-3.64498106211318 5.85390123612903 -1.6704799641377
-4.37004771579414 5.01643240771878 -1.00152826761483
-4.89272021313521 4.20299539473846 -0.0885641712892147
-5.30715861536908 3.38432569216376 0.87590990032968
-5.67624250086527 2.49613204344854 1.72799513295217
-6.00710606045996 1.47607376556581 2.31524877630803
-6.27170965785366 0.346822080100483 2.52870905606098
-6.41755999457898 -0.797729245673506 2.34481799339644
-6.41318188020945 -1.85680500981187 1.79885208555454
