-6.39459352736368 -5.47028967453569 -0.720246555750429
-5.85173374070558 -6.34610120209638 -0.211756795512523
-5.21132074312994 -7.10398565967468 0.30842729859237
-4.45235579718827 -7.64968896138526 0.843852761384875
-3.58346507685966 -7.99059115892352 1.33000784988829
-2.64388956756385 -8.18964622537702 1.76614077397414
-1.62838124903407 -8.23934150840375 2.10319812695996
-0.547571448508194 -8.12926885463193 2.29676185942287
0.578908766038078 -7.88390328011429 2.32047282171231
1.67930751424588 -7.46837020450803 2.16414003759209
2.6574972768576 -6.90216221585449 1.79464394941857
3.37674790374031 -6.20859964457979 1.20317314287826
3.82147461512868 -5.49578096211908 0.454803582348941
4.07676820520478 -4.76630437469371 -0.359005238970867
4.12214807336026 -4.02823585377638 -1.19620755611442
3.82170259521012 -3.43242487086009 -1.99536644116918
3.26505459471538 -2.95606061254365 -2.67005153463098
2.46444932929394 -2.48546773730013 -3.16082636748532
1.51577759855876 -1.98804146759577 -3.52398452821668
0.472345403481971 -1.48647998752284 -3.64849609087852
-0.530897711778554 -0.989238881344131 -3.35086927419389
-1.46179048726766 -0.566885817981488 -2.68243804400909
-2.36514751028579 -0.237518277975956 -1.73651504288199
-3.21234807773193 0.0562200861155301 -0.589964067936421
-4.05114517426392 0.342434458637023 0.617327340031748
-4.89858391556998 0.66438463829651 1.75444911970053
-5.79589152461664 1.01459016350966 2.67841859521621
-6.72589006648396 1.48805195074282 3.20174214816181
-7.56818382207503 2.13997844597677 3.19020492142418
-8.16927026188424 2.91459488630449 2.64228370633066
-8.49718074544089 3.68743344364954 1.7731717518099
-8.58610448000372 4.45034265718172 0.710683144911902
-8.44145246993665 5.18881131624791 -0.445339594263911
-8.03987321011184 5.86503178374675 -1.57567805634416
-7.26918974771189 6.38033697597442 -2.51996886775575
-6.20847451714115 6.67134747540194 -3.1705188337233
-5.02401362482047 6.73000578628506 -3.52880182904951
-3.88046638099777 6.51087468075913 -3.59747531198715
-2.92577668580087 6.05788363273332 -3.24220704463524
-2.2399221177567 5.55407701007065 -2.46705735831419
-1.64319241017199 5.13738134454958 -1.51623180476077
-1.11189733839234 4.87903459751011 -0.375786073145709
-0.666027864975529 4.80674475145491 0.907722338065334
-0.264004667636308 4.9150462378247 2.18928484793831
0.27153487803625 5.31322795387426 3.24316075091185
1.01748801648797 5.95160639056295 3.85572871260835
1.96034259466696 6.60190643807758 4.0608237957352
3.0184584934105 7.07858833915948 3.92991157569035
4.0538681513936 7.30171543344292 3.4354560251908
5.06153988972468 7.30206550098344 2.73320825226786
6.02538316920091 7.11206883330354 1.89860028340344
6.80829946150376 6.76584990343436 0.914197625347625
7.37836012713054 6.29006812175113 -0.123463841891479
7.67159949261219 5.65703489974705 -1.12015460658887
7.5621899405779 4.92314816011597 -2.00788311059241
7.08191064148356 4.14919395543885 -2.74572956296421
6.32004564444381 3.35345755281104 -3.27530423681375
5.47697601538294 2.51065524819672 -3.54739694990499
4.59314193487818 1.71382430852461 -3.39308904809031
3.71589378782709 1.06589670068929 -2.6872890327341
2.90211176283878 0.580456250125564 -1.57028898131808
2.1392207472669 0.180135428607145 -0.26425896230878
1.43252277567269 -0.163543617109043 1.09145571810781
0.729278702660119 -0.526352410406801 2.33693246386328
-0.00414914838560832 -1.01814638622698 3.28941016059755
-0.737409636971634 -1.67329188237818 3.71640720024042
-1.37189537758841 -2.35863991239478 3.7199015094033
-1.81441849566659 -3.03822503020385 3.25226157616782
-2.10656063468801 -3.73305536375784 2.48046629835208
-2.18167006281459 -4.41683609608631 1.42344070958763
-2.0476723247721 -5.07747479334795 0.220900264730182
-1.69121874983287 -5.71734623464592 -0.975813932688656
-1.05374413681707 -6.2732631500491 -2.02316477682785
-0.155196633017172 -6.67951533510503 -2.80532737616893
0.915485034860685 -6.95282604274082 -3.25240308743373
2.06057017805195 -7.11630890374381 -3.43549509048691
3.23693355909527 -7.12997441530628 -3.4333212935217
4.39216706714361 -6.96196902270958 -3.24459649213398
5.43457139679636 -6.57472898316546 -2.86989211032083
6.28258535435108 -5.97137737306977 -2.38191133546788
6.86701369136765 -5.19411349009171 -1.78564922103829
7.20786256275898 -4.37759816738403 -1.01723206019845
7.29112431850757 -3.5647780610085 -0.117022269145036
7.17488532659348 -2.76454924060647 0.833520363016195
6.9009552669935 -1.97463263868274 1.77117425484106
6.55313294863814 -1.20893921719558 2.65882166262336
6.13067309008686 -0.463376189946801 3.39466372882185
5.65886944787995 0.338147424846488 3.71429857927588
5.195921305789 1.10495447237748 3.7626052985762
4.70021923646679 1.78196621841134 3.50278605008806
4.17145513913122 2.38067733203443 2.92632790586038
3.65697608894544 2.84913795631522 2.01612684293761
3.14911344159256 3.34138925892191 1.03074629878279
2.72622986321465 3.91881901113883 0.0959243163612155
2.47979741363486 4.65605152522795 -0.633223137732719
2.40134011381915 5.5465888696267 -1.13065682177378
2.42829480171159 6.57694699848839 -1.39571873535239
2.33395015347636 7.61375805097175 -1.47189399527173
2.10253929871723 8.52904911803397 -1.37786035788069
1.73716510227938 9.3010551766585 -1.15831011834659
1.12569647325777 9.83753638677987 -0.767675238499979
0.431030739172649 10.2632956026525 -0.360518846856522
-0.410183166098194 10.3760565123054 -0.0187077802559573
-1.31439602539391 10.2947533450891 0.303097362207031
-2.20858948783731 9.99471242870247 0.614260254617174
-2.95561364570007 9.52823378854782 0.917223916319053
-3.53764625427251 8.93748670500607 1.17389789300642
-3.8738785506792 8.12517319255225 1.28886147921688
-4.09441313840498 7.19515387118 1.30268297962817
-4.16795995608685 6.17225171284486 1.12245225591877
-4.23013405797841 5.18389381998557 0.738567768452683
-4.26780475477587 4.31850178847805 0.19332911387669
-4.39278702143199 3.51596859197855 -0.438526263455206
-4.80000876616671 2.71201684619032 -1.12265703575675
-5.39681318360887 1.87910553611098 -1.80289219080074
-6.08995136362324 0.96589729631857 -2.34761580836119
-6.74448489409998 -0.0884118329446041 -2.58502313878449
-7.18834311568424 -1.24433391212464 -2.49914631432154
-7.29667914508021 -2.41469353887223 -2.17872904585481
-7.15100799390948 -3.51370756032564 -1.73694658857434
-6.81726795384012 -4.51635954498725 -1.23165826029456
