-6.45943733688588 -5.50178095832171 -0.740166865084237
-5.92451969958308 -6.37817659034118 -0.223539650311739
-5.28204824160335 -7.13608161125727 0.305979733007136
-4.51322015716227 -7.70351485584974 0.848911119292354
-3.62764481884464 -8.06890587844221 1.35414211292103
-2.66039306870599 -8.27200576078438 1.79843689481217
-1.61754304645251 -8.31636335827394 2.13706840343648
-0.517090650608222 -8.20046905243221 2.32701625977482
0.604781262679773 -7.94136649995328 2.34567165276363
1.68549761484429 -7.52644314667695 2.18397999876637
2.64086490800313 -6.96642213328405 1.81777337848742
3.3650899546863 -6.28691463612535 1.23858377640515
3.82628620636829 -5.561783546006 0.496002031300313
4.07211297348368 -4.81875522736777 -0.32452902116373
4.10528883972056 -4.08836755597999 -1.17649281403382
3.83121931938153 -3.46875995825519 -2.01369196995243
3.25555646655961 -2.96230562667139 -2.72943339854987
2.43785104733625 -2.48539861968701 -3.24486131288628
1.48575661953049 -1.99578081623552 -3.58579685394265
0.451760824258947 -1.494250762643 -3.66690540204242
-0.573514723959737 -0.999774977494633 -3.34357050346779
-1.52570350344785 -0.581668246502329 -2.64316546536247
-2.41043120165883 -0.253773610810333 -1.68079354357779
-3.24378097751578 0.0301305355165952 -0.558167124494438
-4.07092315960997 0.31247133119204 0.607317147942215
-4.91302689231462 0.625823068660091 1.70452807206334
-5.79857360917712 0.987093150285427 2.61714107267992
-6.74059979899072 1.47936917847359 3.17151862133139
-7.61938287243593 2.16737575681166 3.16696514114591
-8.23278938616623 2.95728756709044 2.60994226392795
-8.55673734634763 3.73952044680956 1.72710047335577
-8.63397416145371 4.49399822944862 0.67505104729283
-8.47789136815915 5.21095197677904 -0.445741687066888
-8.05739543994394 5.86074587480091 -1.53975294922272
-7.30694964208604 6.37188410897904 -2.48174923191134
-6.28205217327715 6.67519542382951 -3.1589214491805
-5.13271670009066 6.74388189544457 -3.54458914428784
-4.00807350359902 6.56310768190941 -3.65962263464771
-3.01088661331783 6.22779217194328 -3.61863105271931
-2.12439741712058 5.91553865982275 -3.61892746551315
-1.26965898410882 5.67465340075826 -3.51123075036486
-0.376186355126989 5.67269839888126 -3.26023313640726
0.40452843917177 6.03941890853214 -3.0413702903177
0.971043033720544 6.63259498335583 -2.65326602655054
1.4666508974472 7.29364719849528 -2.13236146662289
1.96656086067128 7.99765187222322 -1.65971234744999
2.59616146871293 8.65409465285048 -1.16959200468136
3.42518356694933 9.12348356196378 -0.725406503333281
4.48636173790531 9.21655453034982 -0.634756510491587
5.53384350123239 8.91919525700735 -0.719231193452105
6.44210081425519 8.32679188743223 -0.846737712483649
7.20237757775373 7.62212696936946 -1.02138424639279
7.65228760002805 6.79936708437583 -1.39918699100642
7.825901179184 5.8860200452417 -1.85895921426831
7.62564141362826 4.95033615809648 -2.31247128198658
7.10038658405254 4.1249656583718 -2.83683985132646
6.36223591121444 3.34073390219258 -3.29570588609363
5.51956671755358 2.52033029650592 -3.5239624643563
4.60985877934942 1.72836620156447 -3.3112881515389
3.72852877715055 1.09298951632431 -2.57177509237609
2.92778888549667 0.611040641099919 -1.48879928850422
2.18226269062409 0.201492100473463 -0.251222822539237
1.47778897401007 -0.168332651318832 1.02620138467475
0.786589150015059 -0.540796189324634 2.22918859660967
0.0685318218661364 -1.00756516685394 3.20585533209442
-0.6870833976721 -1.64905999578968 3.74342001432959
-1.37379475189783 -2.38606697392461 3.76736777294675
-1.8527043650262 -3.12259101319304 3.26166407521513
-2.11741695087231 -3.82217730413929 2.42533744930707
-2.16138774347686 -4.4792517143128 1.36600856725758
-2.00790073716516 -5.11386590602046 0.200657703900663
-1.65163897956151 -5.73383369497338 -0.953977295943896
-1.0419376763459 -6.28846223829937 -1.9849462469506
-0.165663638437773 -6.71729144637312 -2.78152047540369
0.90648654151211 -7.01089063829288 -3.26560802608685
2.06876404434494 -7.17640023364722 -3.47238090396847
3.2567490036716 -7.18764452740404 -3.47165750338422
4.4151545804658 -7.01392737971467 -3.28183831227124
5.46701755463732 -6.6235444160073 -2.91404174374517
6.33261702174824 -6.0122886206594 -2.41156469938399
6.94051888028212 -5.23073233801644 -1.77830202883828
7.28052466722336 -4.40045713291144 -0.988494674958517
7.36322883029132 -3.58143976549499 -0.0858022918578171
7.24609409548187 -2.78695380492749 0.856353847644217
6.98679260577406 -2.01612049487621 1.78139072343714
6.6477402205508 -1.27062194817061 2.64951080585908
6.23775089958163 -0.526205787069692 3.37475723065852
5.77167734379681 0.287021241929831 3.76115046643468
5.31510812565411 1.10091824396293 3.83430388439169
4.76089276202057 1.78983197951256 3.67864379014073
4.09513725675471 2.28951361839426 3.36491608198177
3.37767646792448 2.61218372745948 2.9823493162731
2.58281795522851 2.8849448761777 2.67574567009499
1.78705067565321 3.29056825641108 2.4650462435377
1.18073998010787 3.93709381372689 2.34028511244341
0.882091695059186 4.8241311976948 2.36246769575821
0.743821813956109 5.77729641013457 2.40380289725882
0.818957869234412 6.72719721576262 2.49972629768843
1.03436342420943 7.61310108540348 2.69072664502353
1.02294692319915 8.43930178949817 2.82313293873164
0.608675870214819 9.14803164116618 2.86802199097836
-0.11242671480366 9.53574969373639 2.96302848144228
-0.897316548716389 9.72697839851559 2.85963680170703
-1.71583628614054 9.79599291428967 2.70755679531246
-2.56411385733187 9.75774095664775 2.48920613151036
-3.25656123011696 9.45156871992062 2.12405658473982
-3.72780790077559 8.83732229651413 1.84369345069504
-4.01344585496286 8.07181211604733 1.58592580802511
-4.1597975597074 7.18396814320725 1.33396280027309
-4.22081762322909 6.19850539617658 1.12988704837752
-4.26655126995803 5.22960183801582 0.750812293007173
-4.31641222270569 4.33763064068168 0.189135903544418
-4.48748159133902 3.50043623577002 -0.484487280980594
-4.90895183972175 2.68544237227934 -1.18982225323812
-5.49877254836562 1.84692386275648 -1.84771085105789
-6.16115242398065 0.92621107639858 -2.35052870034315
-6.77851662428989 -0.1200334854307 -2.57767688616532
-7.20154593003631 -1.26360923273274 -2.50382785333067
-7.32809799046611 -2.42476283076188 -2.19845270793435
-7.19860011254573 -3.52730252782279 -1.76023719086247
-6.88349577160237 -4.54621416004663 -1.25656784514383
