-6.2073670948213 -3.14652790549419 -2.28721934317714
-5.41871107000011 -3.96329514182284 -3.02095933192714
-4.42518659304346 -4.71674484484643 -3.35857654264514
-3.34378064319638 -5.30757189172871 -3.26407080211649
-2.29836574483321 -5.63065931798688 -2.72884147780047
-1.4174062092654 -5.66446812309412 -1.82627033224052
-0.665212498979274 -5.5807526897236 -0.751226066391615
0.0632317067981151 -5.49210647104226 0.347364676406046
0.853838868537763 -5.44034204892749 1.33077214205329
1.76629422249606 -5.39108621796608 2.04143323764494
2.78379200242592 -5.27761693377002 2.3169084180441
3.79533535313323 -5.03283374980794 2.21910818904204
4.73373709971036 -4.59474379573375 1.87150363757087
5.54070259451133 -3.97789168330522 1.34878507730616
6.15358472200475 -3.22922666389701 0.679441803668962
6.53155668938746 -2.38883566567317 -0.0818329184576362
6.66190330219309 -1.4820589290787 -0.862233190085737
6.54732016319781 -0.524703478848725 -1.58647556791313
6.19514018413156 0.465709520690643 -2.17890192660115
5.61852845149091 1.45809503794874 -2.5595664808239
4.84931858266827 2.40076179444055 -2.64290019528035
3.96002224435635 3.22733195398491 -2.35056643408661
3.07156372941719 3.89432565254218 -1.66009826683744
2.28847303635822 4.4380636736161 -0.657984038833512
1.61943244580607 4.94552580110567 0.498812943354356
0.992070129345471 5.47929464111604 1.6471478344051
0.287721078576335 6.10092656776442 2.60033519293447
-0.567287475512711 6.79414555172842 3.16286477761182
-1.51870011467398 7.41771691357797 3.28921743926358
-2.47364883308928 7.88755097951479 3.10899743750799
-3.38256448440173 8.21161824377856 2.69753937381266
-4.20875018205674 8.34540036238267 2.08010106647926
-4.96458446216744 8.18965848653826 1.39568141732539
-5.61530246050436 7.82851288187296 0.670032505301172
-6.11087993881204 7.34456594026366 -0.11851256173125
-6.3633280806735 6.69780257846523 -0.892296622069521
-6.42809838540434 5.96266472211699 -1.59030983185873
-6.33578492325789 5.16981045753857 -2.18193185435794
-6.04790779498359 4.33763212119026 -2.63259252074278
-5.43291321182127 3.52610557905189 -2.7674612038824
-4.63551099344874 2.79180280813552 -2.55431547784386
-3.78169339410977 2.22861298136026 -1.91617214050034
-2.98927493065089 1.82835722386865 -0.960704993904714
-2.17908510770688 1.50872947297605 0.123277109045866
-1.35084621968555 1.06601564347487 1.15993281582097
-0.4627646958222 0.536881271802523 1.91797507202135
0.551606171130627 -0.199780179981937 2.00013686346122
1.53886313145803 -1.09071376684176 1.43423007293174
2.26728763802447 -1.9880702591892 0.464546776652872
2.7796502269243 -2.89922856988381 -0.643940414778301
3.09250774108408 -3.91378624748509 -1.66271393417284
3.15358619738525 -5.09899960883764 -2.35729015298456
2.91591991813958 -6.3531142378647 -2.59456436737689
2.40439630431306 -7.50279436849684 -2.45393683232185
1.70305230820355 -8.45620398292469 -2.03088816300395
0.892689993346114 -9.15695963672511 -1.38250019200357
0.0345942645343561 -9.54486402301514 -0.572670309136996
-0.830254140754976 -9.59138638708782 0.28817842836875
-1.64131890119372 -9.27233498552391 1.10642987398142
-2.3186798960206 -8.60636920317932 1.79524176432149
-2.82291104743464 -7.69558883703653 2.28693727346694
-3.17566481855879 -6.66235690243423 2.57091333809208
-3.3643045451126 -5.56667048181261 2.61460126859573
-3.2935920344056 -4.46475367108006 2.39801796036625
-2.96876756526109 -3.44196283843542 1.90515053579498
-2.44971047692907 -2.62796959311897 1.08575772102134
-1.86258713062089 -2.06039263409075 0.0210339642670586
-1.24511657621972 -1.6408716695214 -1.11042927634514
-0.601220147026074 -1.24916721069928 -2.14041509435807
0.208244309472077 -0.774545547647379 -2.78550570905372
1.16990815651691 -0.172155158614841 -2.69496870207131
1.96800448379967 0.439925806193199 -2.00653600338458
2.43684015219797 0.82917449649007 -0.878408353947444
2.85666627946817 1.19108302754448 0.296373007565615
3.3379688118423 1.61049073146595 1.36410753448547
3.94439778295341 2.19390123526591 2.16331323234307
4.5858660499619 2.89327485540712 2.69226518521186
5.17106045372934 3.70445816263924 2.96833554647643
5.60454517093096 4.63635507425197 2.8948037144276
5.77381128129157 5.59260500912751 2.52937070048801
5.66211479744406 6.47828475082914 1.98046016430935
5.2486724811696 7.18528471199221 1.30814651915559
4.63020649417868 7.64550195329683 0.566123935706776
3.90767639974531 7.87240691121958 -0.221750629991316
3.13807083915924 7.89869651413183 -1.04214467157133
2.32311633138339 7.79395059922879 -1.84071214115026
1.39052051380781 7.4952393243725 -2.44763993721634
0.363166702672003 6.93570794903875 -2.58046845590125
-0.596464180155792 6.25911821525307 -2.19918912646053
-1.34107093317106 5.68302942991444 -1.26718566934272
-2.04203296172282 5.1445437068239 -0.215946463810352
-2.76494028949726 4.61109305055383 0.81176028170119
-3.55531462497745 4.077400701729 1.70216527805469
-4.32301545756954 3.50382863932819 2.42857790516768
-5.09216052181365 2.79732392118439 2.9199611289843
-5.8069667546741 1.92837802676091 3.03323634491365
-6.39862525474853 0.966755510836609 2.80423114015527
-6.7744513350492 0.016053034932387 2.10557138054652
-6.95340412715277 -0.834469137456465 1.09392651117649
-6.9443326408182 -1.5941973813313 -0.0790402354909766
-6.71431177353774 -2.34643516987343 -1.25858389940615
