-6.2073670948213 -3.14652790549419 -2.28721934317714
-5.41871107000011 -3.96329514182284 -3.02095933192714
-4.42518659304346 -4.71674484484643 -3.35857654264514
-3.34378064319638 -5.30757189172871 -3.26407080211649
-2.29836574483321 -5.63065931798688 -2.72884147780047
-1.4174062092654 -5.66446812309412 -1.82627033224052
-0.665212498979274 -5.5807526897236 -0.751226066391615
0.0632317067981151 -5.49210647104226 0.347364676406046
0.853838868537763 -5.44034204892749 1.33077214205329
1.76629422249606 -5.39108621796608 2.04143323764494
2.78379200242592 -5.27761693377002 2.3169084180441
3.79533535313323 -5.03283374980794 2.21910818904204
4.73373709971036 -4.59474379573375 1.87150363757087
5.54070259451133 -3.97789168330522 1.34878507730616
6.15358472200475 -3.22922666389701 0.679441803668962
6.53155668938746 -2.38883566567317 -0.0818329184576362
6.66190330219309 -1.4820589290787 -0.862233190085737
6.54732016319781 -0.524703478848725 -1.58647556791313
6.19514018413156 0.465709520690643 -2.17890192660115
5.61852845149091 1.45809503794874 -2.5595664808239
4.84931858266827 2.40076179444055 -2.64290019528035
3.97385239847299 3.25423275763003 -2.63219594846149
3.18908613384511 4.08858202526167 -2.60042503077555
2.40137005297148 4.80959906395718 -2.48081540981416
1.64775909785764 5.4536483101302 -2.34760432744539
1.02472660031103 6.05291860455595 -2.18994367084676
0.231399035279038 6.69136321056705 -2.02191621233547
-0.593703866613399 7.38432524011231 -1.80560352331173
-1.44259176819229 7.98080453498483 -1.58025489739378
-2.27957000288567 8.45350722423105 -1.33289822245466
-3.10915354843331 8.72893739620225 -1.10248681247909
-4.02733725805156 8.74295482907453 -0.694020567025197
-4.90243607219614 8.51837046376602 -0.356956180835346
-5.5986437677952 8.08308645971004 -0.275605237084815
-6.11140462743601 7.40939095085395 -0.328743914467834
-6.3633280806735 6.69780257846523 -0.892296622069521
-6.42809838540434 5.96266472211699 -1.59030983185873
-6.33578492325789 5.16981045753857 -2.18193185435794
-6.04790779498359 4.33763212119026 -2.63259252074278
-5.43291321182127 3.52610557905189 -2.7674612038824
-4.63551099344874 2.79180280813552 -2.55431547784386
-3.78169339410977 2.22861298136026 -1.91617214050034
-2.98927493065089 1.82835722386865 -0.960704993904714
-2.17908510770688 1.50872947297605 0.123277109045866
-1.35084621968555 1.06601564347487 1.15993281582097
-0.4627646958222 0.536881271802523 1.91797507202135
0.551606171130627 -0.199780179981937 2.00013686346122
1.53886313145803 -1.09071376684176 1.43423007293174
2.26728763802447 -1.9880702591892 0.464546776652872
2.7796502269243 -2.89922856988381 -0.643940414778301
3.09250774108408 -3.91378624748509 -1.66271393417284
3.15358619738525 -5.09899960883764 -2.35729015298456
2.91591991813958 -6.3531142378647 -2.59456436737689
2.40439630431306 -7.50279436849684 -2.45393683232185
1.70305230820355 -8.45620398292469 -2.03088816300395
0.892689993346114 -9.15695963672511 -1.38250019200357
0.0345942645343561 -9.54486402301514 -0.572670309136996
-0.830254140754976 -9.59138638708782 0.28817842836875
-1.64131890119372 -9.27233498552391 1.10642987398142
-2.3186798960206 -8.60636920317932 1.79524176432149
-2.82291104743464 -7.69558883703653 2.28693727346694
-3.17566481855879 -6.66235690243423 2.57091333809208
-3.3643045451126 -5.56667048181261 2.61460126859573
-3.2935920344056 -4.46475367108006 2.39801796036625
-2.96876756526109 -3.44196283843542 1.90515053579498
-2.44971047692907 -2.62796959311897 1.08575772102134
-1.86258713062089 -2.06039263409075 0.0210339642670586
-1.24511657621972 -1.6408716695214 -1.11042927634514
-0.601220147026074 -1.24916721069928 -2.14041509435807
0.208244309472077 -0.774545547647379 -2.78550570905372
1.16990815651691 -0.172155158614841 -2.69496870207131
1.96800448379967 0.439925806193199 -2.00653600338458
2.43684015219797 0.82917449649007 -0.878408353947444
2.85666627946817 1.19108302754448 0.296373007565615
3.29954013383057 1.58633500705273 1.36281576135738
3.85489811164308 2.08888293258988 2.17411140570442
4.50415596310166 2.7659659472779 2.71102336395159
5.12149777338658 3.56138791843869 2.99835910601146
5.57579153261613 4.46046681331677 2.93852312410902
5.78640328606846 5.40931446704558 2.66272579000001
5.73398020456389 6.27953939596309 2.41069492623009
5.29835137827472 7.01201676477991 2.26619316073021
4.51782464893916 7.58696036925389 2.11093255028962
3.63986156811296 7.90258468198709 1.99831733890576
2.76091075837682 7.88641651711184 1.84710162723239
2.00109895597049 7.4967321744856 1.65823192488107
1.31949311330966 6.97501727700482 1.45156752794721
0.598381371092464 6.42031282803928 1.19474455428908
0.00900341607826992 5.95906872177743 1.05212176488285
-0.761370662945427 5.54125664474351 0.969198660599984
-1.54708873908492 5.09593351753812 1.01624613100581
-2.65613450704401 4.55832221041527 1.2746896602521
-3.55531462497745 4.077400701729 1.70216527805469
-4.32301545756954 3.50382863932819 2.42857790516768
-5.09216052181365 2.79732392118439 2.9199611289843
-5.8069667546741 1.92837802676091 3.03323634491365
-6.39862525474853 0.966755510836609 2.80423114015527
-6.7744513350492 0.016053034932387 2.10557138054652
-6.95340412715277 -0.834469137456465 1.09392651117649
-6.9443326408182 -1.5941973813313 -0.0790402354909766
-6.71431177353774 -2.34643516987343 -1.25858389940615
