-7.94063411757831 -0.134087310430098 1.27938540494447
-8.3274660526975 -1.09159219756365 0.761200063584287
-8.50436566776013 -2.0438222830151 0.138298202874983
-8.44361285158028 -2.96814095216732 -0.541166706607094
-8.12801722188685 -3.82962119095091 -1.22964769441156
-7.55827821998415 -4.58661156749968 -1.87499872012854
-6.75823372047738 -5.20157757774333 -2.41934306015511
-5.77379433683424 -5.65038891075178 -2.80163615789716
-4.67000578430073 -5.92727126230465 -2.96180801695631
-3.52845000389071 -6.04394461901948 -2.8478744842758
-2.44245503634162 -6.02984054096361 -2.42795351648707
-1.49303394205087 -5.94237239338239 -1.71120241635009
-0.690057804156361 -5.87262756301813 -0.770696028324044
0.0520565403010232 -5.90303777353962 0.256546061974981
0.846838453407363 -6.04047991392001 1.20474180932089
1.78173536892923 -6.21515968088683 1.93464083175943
2.85860180187558 -6.34383329061721 2.36734547301949
4.00633153561763 -6.37098281329407 2.48860100089061
5.13951614342452 -6.26122306324199 2.3294189862792
6.18435150592997 -5.9867201472921 1.94379613999884
7.07849664341742 -5.52739373938245 1.39549270430343
7.76706044638322 -4.87977575653402 0.752071256203461
8.20716435173566 -4.06540246405738 0.0817332082598947
8.37805392011647 -3.1291578403032 -0.552851344525403
8.28811374453151 -2.12579226698576 -1.10037596365087
7.97152695119421 -1.10236365387757 -1.52164221484808
7.47858819796227 -0.0871527290605607 -1.7817606808897
6.86772359851772 0.908420682810309 -1.84002228803313
6.21006979170897 1.88088149882898 -1.64803977046576
5.60272325721302 2.83338947670786 -1.17512667330797
5.16371900974699 3.79807506618554 -0.473258242193913
4.96422176386105 4.84854262004421 0.260698568618471
4.92459679017773 6.03798603799668 0.727476676094067
4.83331530344187 7.28282687774791 0.718759924151498
4.51156872996528 8.37281648016656 0.240591749393378
3.90162592005433 9.1004218747179 -0.541542570864166
3.04984409314021 9.34158432312307 -1.39801192107927
2.06665538792705 9.07841094464598 -2.09623587667461
1.0896639289281 8.40102940655471 -2.4400392648001
0.244251572488796 7.49787953648051 -2.30488537927099
-0.405664044913796 6.62229481738585 -1.67431933905552
-0.908338400694976 6.01308372538407 -0.664597659539704
-1.425349558848 5.78944288775038 0.501125517656765
-2.13971289968357 5.91196887716788 1.56058678114966
-3.13034267844288 6.22394413224085 2.27607645943032
-4.31732170424767 6.52483865847326 2.50063152040464
-5.5153996813238 6.64611397300533 2.21550873874422
-6.51965396878545 6.49062448040779 1.5148403609108
-7.16564739768076 6.03711103999499 0.568752852374259
-7.36253786216593 5.32987300246956 -0.417019975954982
-7.10756045253658 4.46092745290001 -1.24111570518161
-6.48545068037271 3.54804615159004 -1.75114598317425
-5.64751695515468 2.70168446909172 -1.91132566350986
-4.74074699498014 1.96537879390119 -1.8684593860653
-3.82458818009591 1.32016127986293 -1.76605543541152
-2.89830103577517 0.73194520673112 -1.72027729916137
-1.98243855349557 0.152527428173082 -1.68987304229696
-1.10228667532594 -0.46061696569854 -1.62140752767518
-0.244172035018486 -1.10023268101548 -1.5845456259106
0.539721802139394 -1.79839388453257 -1.50360155771488
1.28472079009588 -2.4900149067975 -1.42100295676123
1.96149668198982 -3.22042306503377 -1.44164359701062
2.51243763866704 -4.05330683414762 -1.54013840861485
2.76322486928298 -5.05909551796515 -1.72295958543583
2.66022984547701 -6.15895467393571 -1.85033520326138
2.26734742799475 -7.24893254884345 -1.82801028938036
1.61566684942849 -8.1972483857136 -1.5459459849875
0.760436151342388 -8.85543703767535 -1.02633757497386
-0.208667682124579 -9.12090216122168 -0.363947291196997
-1.1848079557648 -8.95330787904182 0.321368213165515
-2.0599567905623 -8.37501092157203 0.906826289579088
-2.73950294053692 -7.47086070630448 1.289140315187
-3.1611147896695 -6.38004885716284 1.44122982961772
-3.31417097653173 -5.24481704989 1.4974534572729
-3.20628970564568 -4.15789245850943 1.5726372686775
-2.8063470128778 -3.18284933778104 1.62714709748867
-2.2516403648024 -2.30982016467637 1.71035110965341
-1.58637741256817 -1.5205907132376 1.7443214057945
-0.813332408472633 -0.84780854031773 1.75606491123978
0.0722121433344544 -0.319793098353814 1.72363757176296
1.01302390638521 0.135173211543676 1.67321422733702
1.98679173184972 0.560369734629554 1.62755477261104
3.00546810558938 0.941252016636416 1.63400489849663
4.07230548250711 1.29118978737438 1.73966242727103
5.16201089995808 1.70348845880188 1.90349729890693
6.21719872856541 2.28307133231578 1.96880973902763
7.14375448104229 3.02028475666346 1.69784166668592
7.78158476737723 3.83906621315946 1.05908930855827
7.99535627486413 4.64174295328217 0.163145358601431
7.71998554023152 5.33245857906866 -0.808628438826006
6.97897438473895 5.83621013507117 -1.64373084428756
5.89094109245324 6.12322939597479 -2.13513084108998
4.65784229734356 6.23842170841607 -2.13300795475821
3.50614286436455 6.3256278053056 -1.62137006751946
2.55657232538366 6.59121625805235 -0.783842298863633
1.72867585732905 7.15475415180955 0.0433755765895089
0.835539371601712 7.90155539100205 0.55180516547444
-0.2214955216676 8.54111913836366 0.622947587367985
-1.37778499339961 8.7992139745936 0.338302686533212
-2.4752855206524 8.53965822657431 -0.104393009093536
-3.35563437094856 7.78563387469157 -0.466561355318069
-3.94128858901995 6.70368307969524 -0.529527706387252
-4.31180615022144 5.54166501607528 -0.184557271390137
-4.6868379127731 4.48502617061227 0.465120108180056
-5.2323486356776 3.55265568601304 1.14462990191271
-5.93567185369531 2.6614627875802 1.6117409511356
-6.68668119353406 1.7517327150057 1.7695761599326
-7.37854669399365 0.8166596637545 1.63737770557519
