-6.57720339569006 5.55706872165491 1.55202925845053
-7.43117916081594 5.01406961525632 0.832742657391053
-7.80838697053861 4.14368414618739 0.0285336265349631
-7.66133725780697 3.13666041664443 -0.689167586796736
-7.07927310368607 2.21936867621623 -1.28098971414848
-6.18667073321128 1.53771759295496 -1.75075205299117
-5.09222384443133 1.12374430472972 -2.07217981630575
-3.91513819642063 0.863285647981726 -2.31688562543246
-2.72049625656239 0.680914949011149 -2.61898991065046
-1.5262682456449 0.552161116885989 -2.87887877554828
-0.36077626813124 0.505541124756068 -3.01888991649512
0.744327111281044 0.627493541130911 -3.13940176548344
1.79738477847956 0.96406499634369 -3.28856474262661
2.82784570414059 1.49548157820473 -3.39415483059356
3.78784425205241 2.23870591426152 -3.23796183780024
4.50783807849461 3.1113766641401 -2.65125453505572
4.75881039659788 3.97902225335643 -1.69550417782951
4.52414475651698 4.78062512882927 -0.645405917053155
3.92449962284127 5.57485468983216 0.207467072050585
3.06853484864983 6.33688475929917 0.696374212835842
2.05527353431944 6.98465629026701 0.788740619162041
0.982523766702458 7.45017335571946 0.558705247511349
-0.0955188198356107 7.69478631715737 0.12378968583479
-1.16488317777603 7.69171441769959 -0.390858647344411
-2.21837530832688 7.4139729360758 -0.859470367447909
-3.21726976620361 6.84427884054166 -1.15368571798547
-4.07363806957984 6.00784789720661 -1.14851567258063
-4.69009966302996 5.01199807787588 -0.758256725941762
-5.09158744194009 4.02026559392825 -0.00823515418448153
-5.46880282282618 3.12383046471075 0.923149604781932
-5.9572312568026 2.26621584219961 1.75473622095339
-6.54513773933508 1.32774162979074 2.26532298033321
-7.12067883049993 0.300819607253755 2.39320751292388
-7.58075808273876 -0.76004061776728 2.19768964299354
-7.86853207768392 -1.8089264973501 1.76886694622475
-7.95721925290925 -2.81633446067131 1.18554537257291
-7.83313731471564 -3.75756436327858 0.507660471580307
-7.48793708635491 -4.60346663542251 -0.217208123906806
-6.91910499593163 -5.31704021020778 -0.9440246083425
-6.13508244585134 -5.85619203933424 -1.62083876599721
-5.16311831735349 -6.18160896455877 -2.18375242698503
-4.0560275381025 -6.26747652544149 -2.55890911114729
-2.89459167127377 -6.11417669456664 -2.67102573482339
-1.78052866305485 -5.76333253493773 -2.45821308694177
-0.808321811629984 -5.31317407593211 -1.8968430810928
-0.00638149295333889 -4.91214156663253 -1.03227452978629
0.710044246717631 -4.6958508085008 0.00158710855589877
1.50353758123598 -4.69230343449714 0.996179881568543
2.49654019549558 -4.7842497135869 1.73758953289242
3.66078747846073 -4.78738182929569 2.09471498850011
4.84501399210313 -4.56358384422895 2.04863021849375
5.86672225500401 -4.05966982557232 1.66626877783003
6.56969681122324 -3.29443434447482 1.06671288230028
6.85033946661332 -2.33948958171948 0.398600956508594
6.67433219689217 -1.30169793792565 -0.179480338840176
6.08979115605318 -0.298949587112183 -0.529101560179003
5.22521608780172 0.587671632813256 -0.593406190137239
4.24030039701463 1.38903044622345 -0.48720123444266
3.28216577607913 2.24572399159856 -0.5015723567202
2.54699754091384 3.2299760985065 -0.879489444990728
2.25175456821507 4.28569804300686 -1.55137284825881
2.50004884225551 5.33255447308345 -2.22146562175172
3.2314155582528 6.25146248519894 -2.61756714863669
4.26729574389965 6.89522875507811 -2.6206209944341
5.38713721721652 7.16847401524331 -2.24848758749888
6.39542375492775 7.05745891808878 -1.59167167199433
7.15437663860979 6.61230573472826 -0.765278299541128
7.59282511908506 5.91918305106143 0.118683684989676
7.70061542189543 5.07205602828302 0.968131528342769
7.51116282634178 4.14881565564001 1.71640497867833
7.07907427478753 3.19852955448644 2.31469385241574
6.4645913507271 2.24343695179853 2.71597280166602
5.73276584518965 1.29378210749268 2.86214757545377
4.96764791389282 0.366379682164123 2.69001355724173
4.28376285355552 -0.509030052955189 2.16535891991037
3.80488520484294 -1.31731122703615 1.33716675921014
3.59211416183987 -2.11067423462001 0.363066446888812
3.57672985061737 -3.00380517444393 -0.540425028201269
3.58150550257232 -4.07606466629094 -1.17517279336337
3.43024903122775 -5.27165975410854 -1.42652838466132
3.01060907171511 -6.4113984094196 -1.29733934719083
2.3091776768031 -7.30178106992327 -0.861345389178979
1.39014567327261 -7.80137582323753 -0.251525726615408
0.360785088539263 -7.84572789141702 0.378234292181814
-0.655389404987551 -7.45460106764042 0.883468750150143
-1.55096918910011 -6.73416663902293 1.16459450319157
-2.26458046578053 -5.83428278299487 1.20049487313748
-2.70420433475849 -4.83897365254131 1.01325199449341
-2.86009268713803 -3.82389065677652 0.777772742731227
-2.739182952857 -2.82795669004816 0.691830323264532
-2.50066154830153 -1.87253209479469 0.6882728664796
-2.25610585680323 -0.917196460176285 0.616565997478092
-2.02959620189362 0.0593978251802133 0.65883838797362
-1.89608653001186 1.06608236546487 0.754221678578126
-1.88055248530647 2.07553435271729 0.886044607130257
-2.0395019883369 3.0890423745628 1.04294140502359
-2.45414351570444 4.03701366313155 1.35322986064794
-3.2021280929501 4.81928079506219 1.74872867770777
-4.22546997587539 5.39572518622949 2.03781135595469
-5.42468460186677 5.67770884413077 1.99160423310482
