-7.96757650114378 -1.16220617849863 -2.12035870129089
-8.0581468926585 -2.23712343617373 -1.61996094899525
-7.9368035212557 -3.24565600605805 -1.00878762987021
-7.62009919648537 -4.161100500179 -0.330801881125568
-7.11537123399013 -4.96028272084164 0.37579784127605
-6.42250834108113 -5.61544707615756 1.06882837442966
-5.544905012663 -6.09254383811915 1.69348449607208
-4.50484592911861 -6.35630305962462 2.17940454859684
-3.35771672335781 -6.38132285334425 2.44688521948008
-2.19798883508489 -6.16500050757829 2.42079315817137
-1.15463676735838 -5.73756825884011 2.05023850900954
-0.371500710111526 -5.16569734369792 1.33340727123879
0.0359550010500367 -4.53691875905049 0.343518707123699
0.0131569451088095 -3.91113489645945 -0.765800572804774
-0.455435143975793 -3.28214554060785 -1.76890957313739
-1.30167506959106 -2.61796452003306 -2.40884132783214
-2.32416776828392 -1.93075046792523 -2.51304796144325
-3.28781090487088 -1.28192823468114 -2.08242405509477
-4.07134007171475 -0.711647882367492 -1.28194542322613
-4.73199039289044 -0.164258337513879 -0.348113062237878
-5.38284313680048 0.483164211659572 0.507206795385163
-6.03582239264745 1.31957095668859 1.13032222363014
-6.60288187902942 2.34758962274404 1.43498925552087
-6.97179395699057 3.49388223367498 1.40153665951916
-7.05580034345126 4.64324963932733 1.06172494430619
-6.81058272127976 5.66690769207783 0.485658392673668
-6.23864377272338 6.44353172888442 -0.225840526575138
-5.38892923917478 6.87737060493133 -0.948869157251081
-4.35354570819048 6.91641873131703 -1.54675394583803
-3.25812004279574 6.56975612207227 -1.88585925413225
-2.24163401470345 5.91982775970824 -1.86034006013519
-1.41642557453482 5.11433662787379 -1.43305945833328
-0.797567168573168 4.30249021054207 -0.686255522486918
-0.249362443355308 3.52453567346675 0.174675358431237
0.43599994152917 2.71375443926778 0.866481641080701
1.33592646360154 1.87572491223133 1.12112306202995
2.35695705356591 1.1325004011018 0.904368081577187
3.45943781424415 0.516198518748698 0.510322094552904
4.64174920992183 -0.134949383627487 0.330544694104727
5.67924649473581 -1.02391755740085 0.428703771725879
6.31584342497688 -2.15414217034883 0.528938399091965
6.45497640733656 -3.37798165319566 0.471335770284983
6.15297177885383 -4.52058161189729 0.244271689210709
5.53831034306985 -5.48377595840533 -0.102581370800396
4.72122282767365 -6.24613133525023 -0.514273642535901
3.76904641305018 -6.81706734771157 -0.942294711863956
2.71507571240337 -7.20136877243969 -1.33967045356276
1.58072915158738 -7.38226774645521 -1.65515202661924
0.402868001855007 -7.3223595583174 -1.8319469814771
-0.74180157717112 -6.98015617431765 -1.81476098812425
-1.72715704896356 -6.33837553213481 -1.56568639352114
-2.40070747035341 -5.43561448033735 -1.09130355017904
-2.65244702251807 -4.37110381506934 -0.475505153871858
-2.46320527254666 -3.24554596809801 0.0901312816149174
-1.9206553699201 -2.12705436937948 0.331614664624163
-1.2315895755814 -1.10072196009677 0.0916321855614133
-0.547220387973027 -0.221936017330489 -0.512864795746879
0.153615365976244 0.600225780768031 -1.18835588711017
0.930390338044428 1.48748037243081 -1.6652690664017
1.74949991571014 2.42214717606229 -1.88235241658752
2.58195855843996 3.32810494488788 -1.94737766693719
3.47410651891457 4.13047801746853 -1.94119723557081
4.46621110923269 4.7678731437299 -1.89364805807608
5.55434843304705 5.16328610600054 -1.82363518288623
6.68234509135741 5.19834081983182 -1.77648488506809
7.69016373458423 4.75672593306203 -1.79484683071618
8.32819148786382 3.88268161083467 -1.84522080283425
8.45123500995214 2.80823947784267 -1.96272872424159
8.1530367824713 1.74514274124756 -2.09193598920686
7.5676841822028 0.768957645093709 -2.24227833396802
6.80557001745887 -0.13523075658704 -2.36907837545736
5.89522077966785 -0.950300662779565 -2.32941002453561
4.95407077533359 -1.6354550928259 -1.88443081280071
4.18962853584164 -2.07349962025368 -0.959763960073376
3.78980274982989 -2.14386747795014 0.283404058171433
3.82167200677859 -1.75736178470598 1.52127817613204
4.20458632691096 -0.934422611970909 2.38934500090398
4.71933252842711 0.11273412585772 2.70997205762007
5.12157060540706 1.18446692358606 2.63988002006874
5.22790547640459 2.23750824845734 2.4272911087324
5.09480680029176 3.26493864594937 2.22714171817681
4.82402343218757 4.29015891186453 2.04029777701234
4.43095547211972 5.29067330900191 1.79099644772563
3.85255005245787 6.17532119373072 1.46945752996523
3.07341106371598 6.86241449220833 1.16751641080834
2.15796414102715 7.35808093648539 1.05486088788022
1.14014696969723 7.53185871678562 1.11397803144273
0.106408568434507 7.35427402398811 1.31319952086453
-0.901614941689858 6.90502331090169 1.51757656268186
-1.86577892511274 6.23920677299646 1.56845284857287
-2.73637706349227 5.43525257019064 1.30198433652399
-3.46597002573721 4.62593216120326 0.677351078947121
-4.10778037299655 3.93104680434375 -0.198314922075856
-4.78888258764712 3.34144077125402 -1.11981596254572
-5.56716232993604 2.72058079085377 -1.88819289872708
-6.37882355008919 1.94605870855551 -2.38084068430439
-7.10444235744509 0.999206858492137 -2.56094152918151
-7.64869381795802 -0.0624343210751529 -2.45505195797645
