-2.5319791768754 -7.16690013736823 -1.39394675516886
-1.5999246269367 -7.69522939134923 -0.800110034857882
-0.599386132296425 -7.98215588624711 -0.155660564291598
0.449756264647634 -8.0073420267912 0.47049534311681
1.51162955992538 -7.74119332772581 1.00619490038742
2.51844941440515 -7.16713869749094 1.3716775334563
3.37282682588826 -6.31333593501973 1.48790284385529
3.97239124491195 -5.2703241239115 1.29579372978762
4.24920599177616 -4.17500686016671 0.786022710435864
4.2037421603992 -3.135315469011 0.0413149642387798
3.87438031550518 -2.12713812154162 -0.720266636949365
3.28702732072151 -1.04975992767517 -1.12406646052449
2.60399238140151 0.0198471510533134 -0.853335166835733
2.06298661917142 0.911005390234491 -0.00686067981871776
1.62415617812673 1.74297933837196 0.976762829486294
1.07743238806905 2.77999705612187 1.58536894264552
0.407253096532799 3.87197016963287 1.47589040071441
-0.269595442190492 4.67669762131001 0.71737753895643
-0.933559892012749 5.13843408861823 -0.327827922134505
-1.71612803934098 5.41603979826902 -1.32652024309261
-2.70260704389676 5.54034871536128 -2.08721555689545
-3.83956294686534 5.46281683115177 -2.52517142900723
-5.00244835437111 5.16062592116001 -2.63959716129521
-6.07764594226274 4.65116982629833 -2.4797293997583
-6.99283498432388 3.97284692220658 -2.1146370998415
-7.71463279554625 3.16672029169795 -1.61266082369474
-8.23191203990971 2.26685583263919 -1.03000837575788
-8.53802398230906 1.29963009524362 -0.409842428176986
-8.61978537953283 0.289280288986495 0.211770675994378
-8.45635173054582 -0.73416915074347 0.796263563398319
-8.02884731652091 -1.72683807282831 1.29541435715709
-7.3384469524481 -2.62702338826371 1.65382028045593
-6.42509206265001 -3.36063584731553 1.83528115080655
-5.36344313937248 -3.86031967609155 1.8677626226338
-4.23215166003605 -4.08195444256878 1.79264958223376
-3.09734630974829 -3.99876213368322 1.65620045210238
-2.00070406040687 -3.66150074492361 1.51213081736807
-0.953761638372161 -3.17004275093235 1.37335645795896
0.0707092393977145 -2.62748857137209 1.2656544477619
1.05991726495518 -2.018771062753 1.22692233892126
2.0903819368093 -1.42360850505782 1.29414632278602
3.15320718239358 -0.759917452476033 1.28010758486592
4.12659129649809 0.0024842786593419 0.92207609284011
4.78226333046978 0.807331028489262 0.129581023365672
5.1265670685088 1.66354910154636 -0.801896826384591
5.24056179663117 2.66614255695894 -1.59002091616912
5.11784522546996 3.80853046240709 -2.07967537437661
4.75118286930208 4.97750330345908 -2.22496285842034
4.1696185022941 6.0469182066793 -2.06003633781736
3.42298478521717 6.93437969074382 -1.6610940542802
2.55585646551371 7.60560337003119 -1.11396510920367
1.59507025455955 8.04808759568031 -0.494863472353351
0.556921361008701 8.2406032659974 0.130653056218545
-0.530964064220791 8.14400753119758 0.695587582674409
-1.60666110317532 7.72218135729616 1.12289481929057
-2.57030667763067 6.97960399151373 1.33164032433768
-3.30884007288858 5.9868413277922 1.25731445319579
-3.73696985711786 4.87087201926988 0.878368416030203
-3.83195387399583 3.7580147281713 0.247760941048855
-3.6283002578183 2.6842802539151 -0.47949761384999
-3.17705978300188 1.59857828335824 -1.07526958063602
-2.59134955933927 0.510482254958609 -1.44383261759901
-1.99795488060897 -0.548813609326306 -1.61560901885464
-1.47118955284474 -1.57428567405086 -1.72868353784744
-0.948907249227332 -2.56577588362314 -1.76732137867893
-0.386792841167443 -3.51614580274476 -1.78224638552161
0.344204946481803 -4.31652603210609 -1.80763064470569
1.22457155152475 -4.92662197174234 -1.85382816790548
2.25797940798628 -5.24289616453436 -1.99827180900644
3.38356893554814 -5.23782940607669 -2.21989565229446
4.54478012095529 -5.03831958307577 -2.37827418090584
5.67507810879297 -4.61756019249698 -2.3637814298991
6.67694321029685 -3.98612513630294 -2.11164357332545
7.47508388824314 -3.19524201770192 -1.65921207510285
8.04152965679527 -2.29661278182711 -1.07910826118244
8.37240532022009 -1.32583079303876 -0.438098186733586
8.46101786508554 -0.306902034587867 0.207740919918313
8.28775805373863 0.733212747262031 0.802894954926795
7.8310187270258 1.74863302185824 1.28282924553723
7.09219692797803 2.66751090177974 1.57339125652815
6.11957212484762 3.40053220931044 1.60347995450746
5.01444961640609 3.86547337667235 1.32736480756148
3.89955444034886 4.02070250649756 0.761052676748166
2.82802454373969 3.88305603612612 0.0332469186519242
1.71604683410322 3.48018285471584 -0.557714891293615
0.533901415637461 2.87310487796268 -0.605148836139065
-0.53560271064239 2.27761252623326 -0.0185106145986747
-1.47729717067625 1.75939150509293 0.81087244045596
-2.49994099644796 1.16061588778329 1.36837038756967
-3.53202642663572 0.424624822565755 1.32370842983663
-4.3102558066495 -0.372674677614001 0.70716967815404
-4.75400528869051 -1.19819813380834 -0.190427483029409
-4.93765023688509 -2.12202439888687 -1.07324714694073
-4.8881770662447 -3.18713282848333 -1.74291985246206
-4.59700705644079 -4.3337059629017 -2.09766709490699
-4.07708098550376 -5.44305710041519 -2.1222168259781
-3.37131725201208 -6.40825248702793 -1.86208275439754
