-4.33288107276597 3.85542647929918 2.25678850971291
-5.14403979881307 3.01678262072751 2.02847068005896
-5.79313710693644 2.11455408857815 1.62735619385838
-6.2747239581986 1.17312472880008 1.12561595406863
-6.60332164754086 0.212124466852461 0.592634208489036
-6.67716713274525 -0.755855686329877 0.0586508730993593
-6.50379774329943 -1.72217631723152 -0.34802221656283
-6.10013820535869 -2.6436507484221 -0.595747033420089
-5.4504499805368 -3.45361884861643 -0.704227828204923
-4.63240527995634 -4.14611176566837 -0.682800791554781
-3.73747990147701 -4.7587197587621 -0.51201450979284
-2.78347446359642 -5.27309900764117 -0.297485694525474
-1.80259282491651 -5.69552205488096 -0.107136549215749
-0.824772624562882 -6.0233205923705 0.189447312158084
0.150132106229594 -6.27665103401603 0.540651564572744
1.14875751713507 -6.51422875286761 0.880812062068773
2.16238998014525 -6.72049273364844 1.32422076245064
3.25977950714757 -6.74085190011549 1.71329168724326
4.36619455321156 -6.43076600736382 1.98715823025878
5.36687887483126 -5.79257160786613 1.99272226398436
6.14233542516012 -4.92971254113919 1.72670526347321
6.65461811246293 -3.95708778088379 1.26691825955389
6.93444716843582 -2.9509165745012 0.694914840510997
7.03661652404852 -1.94407121150277 0.0709095358709725
7.00699205488012 -0.941130647600873 -0.564868246690053
6.86709969079275 0.0653955289464179 -1.18183499025072
6.61173100947059 1.08487217724476 -1.74490869186193
6.21419990662131 2.11864703296259 -2.20132465924238
5.64402556488021 3.14562587577048 -2.47205086069515
4.89963676676399 4.10824139482935 -2.45659610581009
4.05079384808877 4.92414373272794 -2.06616981183958
3.24722379609438 5.56212007726338 -1.29378872700407
2.61162000055497 6.14510576524307 -0.283589775341553
2.06752839079608 6.8644485992808 0.685231670325718
1.38367840002325 7.72218738277353 1.341545586333
0.44859092942433 8.51096517608001 1.55264645941998
-0.653861477854517 8.9987924137961 1.3335555248416
-1.7473344510631 9.04552042153325 0.794029568302554
-2.64805342760293 8.61966103120279 0.0913832108115527
-3.21046961954805 7.78539903879547 -0.598642599239996
-3.35600225791595 6.68258113458849 -1.10754616387804
-3.09086299174171 5.49561931076102 -1.3031738894343
-2.50962713799177 4.40093237281504 -1.13186044445987
-1.76125968812083 3.46556303683793 -0.680436023812823
-0.975408869695293 2.54260768460739 -0.212934584739548
-0.30130842115481 1.42784441570568 -0.0896394472148418
-0.0318313229154753 0.175365941890155 -0.44320939250689
-0.470390845419312 -1.01332162553822 -0.859669213210005
-1.39861776490938 -1.96796313799264 -0.685442145889688
-2.11235366760314 -2.64790574658426 0.250671911992349
-2.16123239044597 -3.11730536827773 1.52224810727151
-1.42719499680495 -3.41742739395061 2.57269575821742
-0.192104936179685 -3.58028137978243 2.98190320639244
1.09359715250301 -3.67193270691684 2.6652037914393
2.12952289071415 -3.79688805421385 1.81114420297635
2.86311596639498 -4.12831138572927 0.717711819586334
3.35207222217234 -4.81068860770454 -0.319744944553714
3.56927236547948 -5.81688056777721 -1.07190330941748
3.46467812824286 -6.94035176916457 -1.46641083437862
3.12719945009429 -7.95960413263751 -1.69774824186404
2.46105899784406 -8.71436858333112 -1.94919252163082
1.47441764962735 -8.92598881362953 -2.24429603601154
0.541538392057975 -8.59658083635822 -2.63131492102228
-0.0774498962677547 -7.82478305127775 -2.97027493391462
-0.24782902676815 -6.84314208012237 -3.08223823259844
-0.230225041649304 -5.86636277686439 -2.87565012263384
-0.140569626051592 -5.06959896702372 -2.27213219797777
0.0708332854389726 -4.41989631436397 -1.51772314603697
0.247100497104064 -3.89197141645836 -0.650709113672276
0.240270029496833 -3.40868492514453 0.256564465549185
0.0433214891462027 -2.72476398937345 0.989957868901489
-0.447917760791823 -1.91836462555693 1.39245833707141
-1.10439436923065 -1.06224323803727 1.18876128876341
-1.80383143461787 -0.333392888886008 0.484499600249216
-2.05574457139538 0.253567673024334 -0.652440715491856
-1.61038653036685 0.768405692693164 -1.77307307903652
-0.607217582079867 1.27349243985764 -2.41151365277613
0.584557402509627 1.73914230799151 -2.37631875457428
1.6542594129608 2.12535245157815 -1.7774024546763
2.5294900628828 2.49203216882948 -0.8913340961407
3.33595762022146 2.9962212059654 -0.00959403081751252
4.13690230236377 3.75968467244318 0.632138545561092
4.82438613849081 4.78243133004693 0.892568125354488
5.22431889999922 5.95364047441138 0.749858470472869
5.20860569457866 7.09812661901928 0.280056039093312
4.7412931514904 8.02884714542099 -0.376817296157096
3.88197443376513 8.59155142665046 -1.04706007951307
2.77161639547278 8.69947053399016 -1.54894718434688
1.60640832867365 8.36126479148986 -1.71983472122847
0.587342374934206 7.70332012390499 -1.4525916186463
-0.183895640021723 6.95384225725669 -0.752195045651891
-0.818760778789687 6.31412740332009 0.218132656607852
-1.53890547256985 5.79014391764706 1.17846424606934
-2.4275081737674 5.24935400076021 1.88360518910814
-3.39981540089322 4.60670285710758 2.23412080013114
