-4.33288107276597 3.85542647929918 -2.25678850971
-5.14403979881307 3.01678262072751 -2.02847068006
-5.79313710693644 2.11455408857815 -1.62735619386
-6.2747239581986 1.17312472880008 -1.12561595407
-6.60332164754086 0.212124466852461 -0.592634208489
-6.67716713274525 -0.755855686329877 -0.0586508730994
-6.50379774329943 -1.72217631723152 0.348022216563
-6.10013820535869 -2.6436507484221 0.59574703342
-5.4504499805368 -3.45361884861643 0.704227828205
-4.63240527995634 -4.14611176566837 0.682800791555
-3.73747990147701 -4.7587197587621 0.512014509793
-2.78347446359642 -5.27309900764117 0.297485694525
-1.80259282491651 -5.69552205488096 0.107136549216
-0.824772624562882 -6.0233205923705 -0.189447312158
0.150132106229594 -6.27665103401603 -0.540651564573
1.14875751713507 -6.51422875286761 -0.880812062069
2.16238998014525 -6.72049273364844 -1.32422076245
3.25977950714757 -6.74085190011549 -1.71329168724
4.36619455321156 -6.43076600736382 -1.98715823026
5.36687887483126 -5.79257160786613 -1.99272226398
6.14233542516012 -4.92971254113919 -1.72670526347
6.65461811246293 -3.95708778088379 -1.26691825955
6.93444716843582 -2.9509165745012 -0.694914840511
7.03661652404852 -1.94407121150277 -0.070909535871
7.00699205488012 -0.941130647600873 0.56486824669
6.86709969079275 0.0653955289464179 1.18183499025
6.61173100947059 1.08487217724476 1.74490869186
6.21419990662131 2.11864703296259 2.20132465924
5.64402556488021 3.14562587577048 2.4720508607
4.89963676676399 4.10824139482935 2.45659610581
4.05079384808877 4.92414373272794 2.06616981184
3.24722379609438 5.56212007726338 1.293788727
2.61162000055497 6.14510576524307 0.283589775342
2.06752839079608 6.8644485992808 -0.685231670326
1.38367840002325 7.72218738277353 -1.34154558633
0.44859092942433 8.51096517608001 -1.55264645942
-0.653861477854517 8.9987924137961 -1.33355552484
-1.7473344510631 9.04552042153325 -0.794029568303
-2.64805342760293 8.61966103120279 -0.0913832108116
-3.21046961954805 7.78539903879547 0.59864259924
-3.35600225791595 6.68258113458849 1.10754616388
-3.09086299174171 5.49561931076102 1.30317388943
-2.50962713799177 4.40093237281504 1.13186044446
-1.76125968812083 3.46556303683793 0.680436023813
-0.975408869695293 2.54260768460739 0.21293458474
-0.30130842115481 1.42784441570568 0.0896394472148
-0.0318313229154753 0.175365941890155 0.443209392507
-0.470390845419312 -1.01332162553822 0.85966921321
-1.39861776490938 -1.96796313799264 0.68544214589
-2.11235366760314 -2.64790574658426 -0.250671911992
-2.16123239044597 -3.11730536827773 -1.52224810727
-1.42719499680495 -3.41742739395061 -2.57269575822
-0.192104936179685 -3.58028137978243 -2.98190320639
1.09359715250301 -3.67193270691684 -2.66520379144
2.12952289071415 -3.79688805421385 -1.81114420298
2.86311596639498 -4.12831138572927 -0.717711819586
3.35207222217234 -4.81068860770454 0.319744944554
3.56927236547948 -5.81688056777721 1.07190330942
3.46467812824286 -6.94035176916457 1.46641083438
3.12719945009429 -7.95960413263751 1.69774824186
2.46105899784406 -8.71436858333112 1.94919252163
1.47441764962735 -8.92598881362953 2.24429603601
0.541538392057975 -8.59658083635822 2.63131492102
-0.0774498962677547 -7.82478305127775 2.97027493391
-0.24782902676815 -6.84314208012237 3.0822382326
-0.230225041649304 -5.86636277686439 2.87565012263
-0.140569626051592 -5.06959896702372 2.27213219798
0.0708332854389726 -4.41989631436397 1.51772314604
0.247100497104064 -3.89197141645836 0.650709113672
0.240270029496833 -3.40868492514453 -0.256564465549
0.0433214891462027 -2.72476398937345 -0.989957868901
-0.447917760791823 -1.91836462555693 -1.39245833707
-1.10439436923065 -1.06224323803727 -1.18876128876
-1.80383143461787 -0.333392888886008 -0.484499600249
-2.05574457139538 0.253567673024334 0.652440715492
-1.61038653036685 0.768405692693164 1.77307307904
-0.607217582079867 1.27349243985764 2.41151365278
0.584557402509627 1.73914230799151 2.37631875457
1.6542594129608 2.12535245157815 1.77740245468
2.5294900628828 2.49203216882948 0.891334096141
3.33595762022146 2.9962212059654 0.00959403081751
4.13690230236377 3.75968467244318 -0.632138545561
4.82438613849081 4.78243133004693 -0.892568125354
5.22431889999922 5.95364047441138 -0.749858470473
5.20860569457866 7.09812661901928 -0.280056039093
4.7412931514904 8.02884714542099 0.376817296157
3.88197443376513 8.59155142665046 1.04706007951
2.77161639547278 8.69947053399016 1.54894718435
1.60640832867365 8.36126479148986 1.71983472123
0.587342374934206 7.70332012390499 1.45259161865
-0.183895640021723 6.95384225725669 0.752195045652
-0.818760778789687 6.31412740332009 -0.218132656608
-1.53890547256985 5.79014391764706 -1.17846424607
-2.4275081737674 5.24935400076021 -1.88360518911
-3.39981540089322 4.60670285710758 -2.23412080013
