5.83227390712838 -4.83806937780481 -1.80757982165055
6.14372614980682 -3.77502403921061 -1.91002711948641
6.36557223730234 -2.72781450331731 -1.92160588809691
6.68523437618333 -1.75875324673592 -1.89313033304691
7.18242734746205 -0.920112048660644 -1.71000706322986
7.71926461520809 -0.0958674776288322 -1.56232159944231
8.08618693465207 0.832573769577572 -1.47034362879852
8.1535569585444 1.84180665033957 -1.42280265356655
7.78101096345644 2.80227916172049 -1.45617002886428
6.94099020925018 3.41658938942042 -1.60909863981745
5.8569636476291 3.42431505169236 -1.80857056585774
4.79502824069424 2.98408897908126 -1.75788933061637
3.9194652643497 2.33602727397201 -1.26558351973665
3.28097080132005 1.63871730238318 -0.451763907362531
2.74769020809106 0.941450673971595 0.451385276195383
2.19649679325131 0.19035384845015 1.23374314885872
1.57071245321144 -0.702108142670567 1.62831448151763
0.947793029969797 -1.62406649979926 1.40074927074877
0.434118011542624 -2.30108055661464 0.612200119421263
-0.00170296965995783 -2.58172146786418 -0.457174876630208
-0.477748845366564 -2.42788467636211 -1.5366900699917
-1.09607323470648 -1.86245799245219 -2.35677154867796
-1.88236927877005 -1.07007437170412 -2.65966434700273
-2.76762141530091 -0.398182503352799 -2.33974266568311
-3.62021210273098 -0.176090174726518 -1.54529668850633
-4.33668951835994 -0.538318881276597 -0.596859820455727
-4.90559833619407 -1.46483040083503 0.116005930264145
-5.46896843206928 -2.6718668084235 0.200801161573524
-6.24364527021054 -3.60358610884079 -0.283167825055493
-7.1914790659404 -3.91800123657631 -1.00643119970763
-8.10133496491864 -3.54413354622336 -1.69653446487974
-8.77823857669625 -2.66166550119465 -2.15211173098258
-9.13739447475127 -1.51825998884929 -2.29332334674408
-9.1799114691045 -0.322063550453154 -2.12939097982434
-8.9600392964801 0.790834918177862 -1.72198925629002
-8.55635571149527 1.76803526209772 -1.15623043006486
-8.04245674223077 2.63152513198998 -0.51825659727789
-7.46602788416492 3.44415975904668 0.114175471736281
-6.8428082007372 4.26312261259754 0.673057421452591
-6.16438697854011 5.10321756054641 1.10983909067522
-5.41327873193779 5.93263859217928 1.41612028855819
-4.57003130458549 6.68934940730301 1.63687788455928
-3.61799646117383 7.28607179240238 1.85632350703699
-2.57218425819234 7.60229353262175 2.15144469191066
-1.52198619019327 7.50923219613741 2.52517649674591
-0.621388970794244 6.95497234874033 2.86059099489164
-0.00215950569505514 6.04413690328926 2.9582743098472
0.311230716950571 5.02218613421862 2.65553316186661
0.40702000814111 4.1406637457274 1.94650216367212
0.40999576747001 3.47300573900375 0.972148315446379
0.40940595287162 2.90668530569922 -0.116775103603275
0.486802900134237 2.3180033450048 -1.20864175041807
0.749027570665555 1.61681664527219 -2.17235932709947
1.23123532468606 0.739135747438032 -2.81983156969361
1.82516265024614 -0.268822120412653 -2.98707623096671
2.37227827847204 -1.26756111183502 -2.63911462457017
2.79550869379851 -2.12153901744755 -1.87990829448409
3.16342218961174 -2.7774687899143 -0.880639121850319
3.63228061960578 -3.25618835996039 0.183181094728882
4.34708859936861 -3.59531030277796 1.11743544167282
5.33693323254907 -3.79664957325021 1.71875603503262
6.453027066677 -3.82983303670331 1.91686754538357
7.52904422936789 -3.652511490497 1.86541979643252
8.39393273679813 -3.06851309596943 1.70670825498316
8.76194704285256 -2.10861825975924 1.47022244825939
8.518043014583 -1.08931627092292 1.16462905908457
7.76229543179073 -0.199795550268824 1.1323987364061
6.87722952639338 0.615809971493226 1.24274802782925
6.07879303940672 1.50104713003753 1.37362350373738
5.48216232549007 2.51601955476209 1.52646902069586
4.9954875705201 3.58452873432439 1.56869430283954
4.553808871424 4.64759299043517 1.38909487939725
4.07261323869279 5.57061970546818 0.863166058645578
3.49529512153533 6.21831992087419 0.073012344680702
2.78878185343902 6.55121463159973 -0.807195364108455
1.93759926635858 6.59857716001199 -1.61419068853122
0.953606097194761 6.40902118538105 -2.21438363451175
-0.105340319357887 6.02494123424836 -2.50385015269503
-1.12910741385001 5.48209930364052 -2.42063140980633
-1.98008768761429 4.82266226332023 -1.96709198787551
-2.55190963174545 4.09621660413358 -1.22240351024535
-2.82812435002561 3.3316199742119 -0.320895028158079
-2.86667665054533 2.50098274697929 0.582171560787213
-2.74475998305022 1.53083157562426 1.30565966317999
-2.57898915673903 0.3931116916044 1.64646229352454
-2.51428056028837 -0.797507360505674 1.46595039318966
-2.65525178236792 -1.83331818875402 0.792202532309362
-3.0777982254976 -2.52765377589486 -0.199887288905846
-3.86032684528037 -2.71000147259981 -1.20382513744681
-4.95773240825435 -2.34372948634765 -1.73138259595438
-6.07418707396697 -1.77728353084283 -1.40749245845927
-6.91681844412108 -1.5068960242146 -0.410400920446988
-7.38354299098857 -1.71337671467438 0.784718493455636
-7.39570209151749 -2.34945973592051 1.85278467464136
-6.99523252587223 -3.24148988589356 2.58045456555576
-6.31403889589422 -4.18911342809597 2.90468767614103
-5.47209094709427 -5.05186158672412 2.87964550367334
-4.54094392679453 -5.75810977406112 2.61642561653549
-3.54829730656822 -6.29092754533793 2.2404972026005
-2.5012019614342 -6.67061688765692 1.861223787704
-1.41002840817101 -6.93872417775311 1.54451138807346
-0.294686984277475 -7.14079702848079 1.29111555791069
0.823595055021415 -7.30287773080224 1.03845732011406
1.92280869677657 -7.40972557803835 0.698129468100215
2.97095868078847 -7.39581515264181 0.213040565684319
3.92485780472742 -7.16777700719696 -0.397202989550385
4.73958929975348 -6.65156984567046 -1.02929277699039
5.37863093448271 -5.84296320103929 -1.533207507692
