-0.0470034199526508 -5.4243988210761 -2.24295640024334
-1.16000748855302 -5.61703691402385 -2.54111842229451
-2.34455472897049 -5.60990148744083 -2.67421815029749
-3.51943148235195 -5.38264067396773 -2.58495706258461
-4.59855491353795 -4.93408169763799 -2.30366265524836
-5.51952285499412 -4.28233760534736 -1.888433527228
-6.23553382350575 -3.45657793266596 -1.38743224763678
-6.70750624640813 -2.49710930522261 -0.836728731092582
-6.90815373461834 -1.45610127039304 -0.267051250853857
-6.82955997810636 -0.392113135482486 0.292245973343797
-6.48406422942254 0.640453823547545 0.811085709608339
-5.89614988152193 1.59841236593434 1.25508786299474
-5.094468517708 2.44783094581982 1.57923598942765
-4.11453637438655 3.15628406906626 1.72297999969268
-3.01344183439364 3.68820465609461 1.61485745005957
-1.88307158009421 4.01391634878173 1.19484702831954
-0.827749472100131 4.14016068036271 0.459443946522872
0.123699842295005 4.14034365484924 -0.491925896616797
1.08137535095618 4.10361510910239 -1.44999025424558
2.18090234926716 4.01703137314832 -2.16750904805035
3.40262271014636 3.81460512961524 -2.48955563319631
4.61270320514048 3.46124442033066 -2.40751305860419
5.69130567940162 2.95004389134858 -2.00896474334108
6.56328185070776 2.27583226904381 -1.40000279813487
7.15635549911828 1.43017727237047 -0.666448805237174
7.3640079747416 0.437905435110101 0.124741994208285
7.07859405762998 -0.570596757746872 0.925501680727613
6.28671707830673 -1.37485111769237 1.67307638987805
5.08540606172807 -1.89059736829772 2.10914207989282
3.72369364927529 -2.0913473407935 2.27905140075005
2.34873291091205 -2.06132368881572 2.27222948369516
1.01490289128195 -1.94368576174992 2.15230869205797
-0.289180645217004 -1.84686982934283 1.99676727905838
-1.57309472975019 -1.75252551117281 1.69625890195092
-2.67618158748278 -1.62494308911532 0.957464121075178
-3.18927276673454 -1.40659922547952 -0.266244949706221
-2.90569825631555 -1.03331139036863 -1.52326624791433
-1.96021994879097 -0.486240719078717 -2.24816717815689
-0.828688795627063 0.158641701191548 -2.10078895906997
0.00797102636011021 0.744334365239707 -1.2049223129389
0.558271430995452 1.18135652467578 0.0180153727629032
1.27071197579426 1.4600842552769 1.19094748966843
2.41131057750789 1.45982977091999 1.89626317352272
3.66715273910739 1.08477515853148 1.75340264537877
4.50054369992842 0.425793441186743 0.890032938262759
4.88286309082394 -0.42492241877205 -0.191876663988865
5.06688478858113 -1.48710759073349 -1.06239526771225
5.12110062896046 -2.73272879949399 -1.48236385144446
5.00492447316083 -4.01180030199998 -1.45535793868357
4.66979361684784 -5.19354022486098 -1.11940043307878
4.086291486552 -6.19512758631277 -0.615224030045494
3.24750292394472 -6.93752082894262 -0.0530964716063665
2.18959265627691 -7.32493051424723 0.472347293089702
1.0197418642062 -7.27021878496672 0.865729474635585
-0.0842905920366413 -6.74877840982853 1.03442481363846
-0.92039043549848 -5.83892383048773 0.912602870213061
-1.35200917095993 -4.70824340206036 0.507948493310562
-1.41850548625849 -3.48761049496587 -0.0240232802296336
-1.36432644875655 -2.14045516231647 -0.362675866993681
-1.56929292966686 -0.696479320533196 -0.358235645163074
-2.08180891298649 0.649513698247974 -0.519889688175385
-2.49193609739197 1.84442195450573 -1.04446973603591
-2.66806113545717 3.00724092679696 -1.61144642847756
-2.56420017756525 4.21597400547002 -1.95487951001278
-2.15393613188424 5.38312215611123 -1.97671828107517
-1.45615383072507 6.35188776637624 -1.69394547733014
-0.538702283480633 6.97620084144224 -1.1853619863685
0.491047895317738 7.15619549374078 -0.565653375102326
1.50060793291138 6.85654080095503 0.0308826989830137
2.35074791459917 6.11769923704997 0.467454855833559
2.92124548575056 5.05809623501279 0.631319015379087
3.15474420878302 3.84874484813703 0.482800198018524
3.11097008902934 2.61899709139258 0.118052982497235
2.94393935322847 1.37511204501615 -0.217740313831047
2.81873485500502 0.154774408009882 -0.348143627947934
2.790243395003 -0.964540798258136 -0.354716925068881
2.77547026704578 -1.99631391273259 -0.390559817908584
2.61861912387407 -2.94547895364869 -0.546537270425079
2.24093447996533 -3.78962755355206 -0.845495991794026
1.6792146975613 -4.47742168972479 -1.32640573644625
0.911361412977094 -5.02782529533362 -1.81405523107617
