-3.76060211149874 -6.28139917318005 -0.464512781822997
-2.76391635356675 -6.70436985704293 -1.08094841439336
-1.59330009663045 -6.78012487059613 -1.49799963079497
-0.400333290306973 -6.48491609150285 -1.62887009295282
0.645360614508717 -5.90169287667126 -1.55354874411803
1.44775067011537 -5.12035474868074 -1.45133512646295
1.95913122881579 -4.17492555837931 -1.36497492279605
2.24341740208333 -3.11771766749211 -1.31121249959206
2.25169562741788 -1.98866344271744 -1.31766353217597
2.05149738454059 -0.871536826984549 -1.3736435793348
1.67092920110899 0.18227219896651 -1.46920709169474
1.01221631126335 1.14687173686017 -1.7178731870093
0.13137673598541 2.06638622921051 -1.80590467455345
-0.828706403470905 2.81685561696239 -1.32902593408823
-1.70450986458015 3.30252544037396 -0.442089965668468
-2.63589050061173 3.65469213923122 0.4337595317334
-3.75862277990664 3.89132827779097 0.998907138324309
-4.99504057386233 3.88715906765559 1.14346495045132
-6.15428526947525 3.5566267871053 0.899537163012735
-7.04461082306977 2.90353482799086 0.372556865933074
-7.52368337166725 2.00331316469161 -0.296616040386723
-7.51939383918112 0.977617528107347 -0.951499052395001
-7.04055082215397 -0.0287899112074507 -1.4368929217766
-6.18089396192336 -0.874053254981816 -1.61705281195473
-5.11003866167437 -1.4546781444432 -1.40343835579878
-4.01438012922158 -1.7549317010398 -0.811467151484645
-2.94505198021277 -1.86849859471149 -0.023944238741226
-1.79707023101543 -1.91544247468037 0.667968884421136
-0.577770086635755 -1.96757791067276 1.12302927888907
0.637848343123015 -2.01496880739548 1.40899113495797
1.84892345047922 -2.02946700744566 1.51676160027835
3.08289556880802 -1.98775331933823 1.45628409109971
4.33313098242885 -1.82353441251777 1.39206633428369
5.56254429898367 -1.46400073594925 1.35976768358515
6.65559008913306 -0.809598429207429 1.24949495510215
7.4165211976678 0.150696591181535 1.00261037678008
7.73304455208559 1.24623482743584 0.54363395283992
7.5661008367296 2.30292828431891 -0.0483895526596275
6.94227206718129 3.17442962141198 -0.636345967791016
5.95460774991939 3.74864308662485 -1.07824680232899
4.75376085897016 3.96559302777642 -1.24844529105629
3.52180658706216 3.83635729978983 -1.06132924217768
2.40724950520925 3.43968772282761 -0.531297266503587
1.41282064796231 2.83789815857087 0.126775250891143
0.434444456896254 1.99669351360528 0.458737427215791
-0.432320112488006 1.03205791548239 0.103721086468488
-0.9753646612887 0.110610229166891 -0.759843018057795
-1.22246719931501 -0.937582199658572 -1.58141079059513
-1.34353717340075 -2.21735517054563 -1.82843317199559
-1.37790671997764 -3.42396738111028 -1.30856161523146
-1.24215734067984 -4.34527305851952 -0.315831699088129
-0.837191647872671 -5.17647728968243 0.679855873852162
-0.0780518782940446 -5.99468693769445 1.34316735365058
0.991488267873389 -6.62499238905439 1.54079654667876
2.18088497813486 -6.91250645781134 1.31142999554107
3.3007558627741 -6.82500336012145 0.777285035012416
4.2418378817648 -6.40998189045908 0.0765100069831388
4.97074440122589 -5.7316397291854 -0.670211214248983
5.48789274519143 -4.83522133462112 -1.35982128422302
5.79011240547891 -3.75291998151913 -1.88964288466544
5.86341246809593 -2.53973984920328 -2.14898563463647
5.70930043749317 -1.30436280695079 -2.03710830651915
5.38256402326678 -0.190459529650758 -1.51040343286935
4.99980042578213 0.72475261611103 -0.637911978231704
4.6640029447646 1.54309817177567 0.386244349031926
4.33197332308639 2.4546956069023 1.29621823400624
3.86148266853091 3.50588088348117 1.86920010553374
3.19441169351501 4.56506437979059 2.01212423675667
2.37304229011746 5.47129704069833 1.75893912693598
1.46869358148012 6.12981912852865 1.21482864285493
0.530200732064385 6.51418472399526 0.499335810285233
-0.425650973905693 6.62241648089276 -0.283931757019406
-1.3918010574127 6.43706908280083 -1.04279982229426
-2.33737345788756 5.92725792867998 -1.67422174042947
-3.18845765761042 5.0932415554163 -2.05491092112589
-3.84690695867359 4.0187132314018 -2.06489183428017
-4.25594842857413 2.87984521238035 -1.63937872818554
-4.48389198508274 1.85752496566976 -0.831489147693947
-4.71308407075095 0.9640766248537 0.155916629528341
-5.03321441198899 0.0149734768441003 1.03140081057668
-5.33447374493622 -1.12026648452778 1.56210162823037
-5.4724377209773 -2.37076529491165 1.66829095494893
-5.38306749825206 -3.59046932943072 1.40459824408268
-5.06502154004208 -4.67757953972729 0.885400929508808
-4.52660842683151 -5.58594159016633 0.227442963296817
