4.82804454310756 -5.77573584355325 -1.91832874304811
4.2084565303993 -6.79398828431355 -2.05937842263111
3.23195568305543 -7.52664160270113 -2.18369862116976
2.01714557854237 -7.75862202498401 -2.28253366918566
0.791779103127246 -7.50482048792023 -2.34715865194719
-0.318341680997529 -6.949024077215 -2.40745669186347
-1.299762539773 -6.21152170228153 -2.46204626829361
-2.15413500386999 -5.3333398522708 -2.3696297793384
-2.83362787287049 -4.41080390653892 -1.89919965678284
-3.23418792042988 -3.61636148246256 -0.99586070630971
-3.27769743327991 -3.12245942183001 0.21446102378483
-2.90540836505927 -3.02104241284122 1.46697892983036
-2.09892855430872 -3.27493373248744 2.41568249658521
-1.03882059366963 -3.69543053615478 2.8308124195198
0.0414722287997249 -4.02553763709185 2.79910987212665
1.05411940468642 -4.14675056836944 2.54556224418149
1.99792522488474 -4.04861491287717 2.20626433681486
2.91602071601074 -3.76725751637639 1.89323003729213
3.806701856695 -3.29295441491444 1.60519439727725
4.63635431171628 -2.6238348377587 1.34828445953896
5.35148385876872 -1.81730920929712 1.11505441880595
5.86963529884352 -0.905539272502224 0.908824906009581
6.1186594408347 0.0840671562786365 0.71067460587233
6.02678718226077 1.1107111599115 0.583780523718081
5.62858040572393 2.12471282037957 0.545630401560269
5.00103727261991 3.11008042945716 0.508355962984451
4.24148972572568 4.08132650885661 0.291830051486581
3.50957422103803 5.09321643130559 -0.147523007414171
2.87112902442626 6.20794280073304 -0.518877923970522
2.15818971716562 7.27741659117919 -0.604516904283033
1.2359330613276 8.0331658287171 -0.254787197881722
0.176505637405005 8.24383106462419 0.33236338097261
-0.85292461841875 7.85428854156547 0.880997265954564
-1.68541139581434 6.97483952704069 1.14190052150525
-2.24100063576083 5.85766544505758 0.938053464435197
-2.62077781821487 4.80666016886236 0.254449297190422
-3.08746856718486 3.96597015241407 -0.680008523944675
-3.79574276474351 3.21732742977833 -1.49204820086286
-4.65184548483621 2.40690069663916 -1.93211175357432
-5.48388910340681 1.51140026533257 -1.97100387440724
-6.18103886460506 0.562881761329289 -1.70910038711527
-6.69762525592318 -0.422504235318155 -1.26721119993139
-7.00834265965964 -1.44672162626868 -0.741978686481924
-7.07929260226768 -2.5059095834732 -0.204429743962269
-6.86617874141813 -3.56679329224987 0.288858065627615
-6.33265355814807 -4.55281005925118 0.686593322877653
-5.4787728197074 -5.3434447848684 0.941713567259233
-4.37037082294853 -5.7905364463459 1.0177368050403
-3.15776560092474 -5.75568221603347 0.903047911399957
-2.05354070318188 -5.1823193805584 0.643448395766413
-1.21946100454306 -4.16414981872176 0.400600967770526
-0.653024761992845 -2.93027887688154 0.45376897399734
-0.1752359043915 -1.72713855498692 0.814378341418719
0.382413593673383 -0.568528322105576 1.05495076902816
1.02244128120882 0.508171334410241 0.816662636135332
1.65533085269012 1.35539927190964 0.100176530546344
2.27135638936183 1.98260688719103 -0.849612322131777
2.97295972896291 2.58087993588835 -1.75017301207723
3.81373089287387 3.31590408442965 -2.34943965569144
4.6914009952686 4.20153407984995 -2.47110168709944
5.41238136627091 5.13741214420844 -2.06943063044951
5.79044708631873 5.97948644014659 -1.23147638631248
5.70898983764453 6.5889608724322 -0.14748564021028
5.15125690877274 6.86936182284033 0.930820510035953
4.20643506960851 6.79564761285916 1.74066343289762
3.0529203409622 6.43476815008857 2.06332673453602
1.91410795302851 5.95396804358533 1.78656766642586
0.962169729408925 5.5917814677597 0.97576997086133
0.175617688033195 5.54635463415838 -0.104881941500598
-0.667229005932695 5.83251019665715 -1.09282785932586
-1.74059343009463 6.24746170379442 -1.67557419337324
-2.9747283265702 6.50268801635988 -1.71238055163712
-4.13527710731288 6.39725184079853 -1.25952074126763
-4.98022988082886 5.87559185130112 -0.502737747740121
-5.34847524472376 5.00491334302902 0.314182804529023
-5.19805040096399 3.93542781120894 0.945995707329256
-4.61370969432306 2.85404045677014 1.19935875609557
-3.77897976431741 1.92896985249343 0.986330698245763
-2.89099054474393 1.24298770666448 0.368795435620393
-2.02657074115712 0.734489935721917 -0.449902507740716
-1.0952907515507 0.24417354377157 -1.19769068284868
-0.026426562844769 -0.314831345388268 -1.63059205963167
1.09936061578886 -0.893628285858646 -1.7152339572886
2.20308733147565 -1.43340484564794 -1.67641838508788
3.2650526954018 -1.95037042346989 -1.68458659235042
4.1841208421017 -2.62255875420322 -1.72379532009791
4.78605807490769 -3.55251524322086 -1.72807202952318
5.01276552390948 -4.64697980270375 -1.78070420212695
