-1.16418947647684 -6.07954978412631 -2.56845220746281
-0.239571457152676 -6.73855895795694 -2.82655547570588
0.823293275313939 -7.20472415094083 -2.83234258061119
1.94043850841171 -7.43710361770267 -2.63180349735233
3.04413439926403 -7.41698122202251 -2.2867511845126
4.08204973978906 -7.14597527864502 -1.86024125830831
5.014220842132 -6.64419966074742 -1.40478586059556
5.81145953262818 -5.9469129416238 -0.953945669870351
6.45390664273166 -5.09763572773374 -0.518860606402354
6.92858108878369 -4.14098656420981 -0.0924091242250476
7.22520674190728 -3.11831143334722 0.340626379909165
7.33371406340266 -2.06716938683888 0.790494165495289
7.24479413821111 -1.02190480907499 1.25056094099867
6.95524476876482 -0.0137508147810056 1.69040635524566
6.47577089514403 0.931640755951472 2.0528341018947
5.83728206571655 1.79634627586039 2.26035027403113
5.08989269413115 2.5662376686255 2.2951317127842
4.31278632683928 3.29010702548061 2.18697914220287
3.51929215633228 3.98356964989421 1.99637498654986
2.71743543007218 4.64587132527868 1.76877303830851
1.94179279495307 5.34044656240727 1.58279395685527
1.13513283841072 6.02327269570404 1.44644808991296
0.265383931037086 6.65028170279013 1.28303956044455
-0.663423769080624 7.20058212875114 1.09446973945552
-1.64339041540473 7.60641408671211 0.915324877082054
-2.66104085689307 7.71086959996591 0.841947085345099
-3.61152076893154 7.466587048496 0.937714793322884
-4.33181998743311 6.79939251511651 1.09763589061449
-4.73664333649503 5.856398502241 1.27417002220162
-4.77456247552558 4.76749092982015 1.38938225586316
-4.48343487476137 3.6623103534318 1.43041451031762
-3.97108043722924 2.62854738151089 1.20752945741972
-3.33953208206704 1.75535650885726 0.677614792815455
-2.66558609084047 1.05420186076697 -0.0683274757225673
-1.95646632551783 0.420964453478032 -0.861319760278908
-1.17875784049655 -0.291183558885958 -1.49522541168917
-0.358365021213651 -1.14814389808108 -1.77573792443619
0.382119731128544 -2.09998693130012 -1.60248868746858
0.880188342107351 -3.05712383550527 -1.02167511872989
1.01894750973156 -3.96335938671696 -0.20059955513356
0.768238971083591 -4.79505568282939 0.659998156017905
0.152697043569537 -5.51362881501587 1.40259410487307
-0.758894310203914 -6.05871875524236 1.92908562185971
-1.85827630678833 -6.38048904835166 2.19625809788813
-3.02795881815333 -6.45439438756607 2.20657553870654
-4.16462152052626 -6.27902491235051 1.99343945199249
-5.18806757656459 -5.87048399183315 1.60718976720662
-6.04259355952078 -5.25816831288936 1.10328243310684
-6.69521463861293 -4.48065627971535 0.533460338757269
-7.13176168195666 -3.58097454773792 -0.0601296876167763
-7.3512058797471 -2.60157354018729 -0.646478883373037
-7.3590150346297 -1.58036777169569 -1.20243878314843
-7.16209345277481 -0.549282857140132 -1.70552900119235
-6.76622005603424 0.464078857631304 -2.12561832097984
-6.17954439779567 1.43194239819419 -2.41929126983779
-5.42284240892117 2.32128810294522 -2.53915889347306
-4.54051781452906 3.10385740998683 -2.48526948210602
-3.59659638033456 3.80953056088989 -2.36181958789405
-2.68892177771887 4.55702418269738 -2.22067835492023
-1.83097183278572 5.37345852911412 -2.07668528155605
-0.960789779524485 6.19851290891124 -1.92173576351979
-0.0511888556773104 6.9693805976133 -1.75140705618314
0.921098938545363 7.56485346175517 -1.54066951130406
1.94448400606952 7.90159391352346 -1.36694557269059
2.97485624380775 7.77942580894607 -1.24815906949816
3.82828643649155 7.19078501416943 -1.27782936566775
4.38794498228047 6.30356772921441 -1.43348489783821
4.63310829840036 5.23450616564808 -1.58443010485032
4.58240964887606 4.08673209099797 -1.66513746290965
4.24871058329007 2.95648480117709 -1.59489664695176
3.70634910605063 1.94557546093904 -1.25002959835617
3.05235041678969 1.12907205418612 -0.633991754996159
2.34037110684153 0.492666444183616 0.137827694403183
1.54491653897499 -0.0685539895818752 0.888441889252044
0.627038743223248 -0.671364139163945 1.41802735702233
-0.364141072214348 -1.35748486941613 1.55517446169038
-1.28099590863273 -2.09429494178342 1.23142177754342
-1.95248620808546 -2.8479640819641 0.523105110281158
-2.27731628356763 -3.62785441599731 -0.382628119303268
-2.24191481750714 -4.45073615439888 -1.28644789659122
-1.85784973441062 -5.29084110577324 -2.04402783277518
