-6.45305222569639 -1.73611179106546 -0.253086022812672
-6.18460576261965 -2.70058013037883 -0.89664050479107
-5.75200882185813 -3.63523888856974 -1.49716305357559
-5.12972590420499 -4.52422619542002 -1.99503051749903
-4.30898893023905 -5.32570433372326 -2.31545817807088
-3.33455087266902 -5.97929220269638 -2.39810406019963
-2.30203350778427 -6.44848956844766 -2.28760709269687
-1.24250606708548 -6.6824388840126 -2.16581888641088
-0.226265078755695 -6.80964599340765 -2.072870031981
0.756429042331226 -6.8624962031535 -1.93059751025409
1.7045297657479 -6.79048397702821 -1.80725455133437
2.63784732684665 -6.51626318833232 -1.69836649055978
3.62260682722643 -6.24828445470488 -1.56205292080722
4.58669688282319 -5.72406202040519 -1.35958494859411
5.42794444671561 -4.94511559074443 -1.06500180802191
6.15109094121008 -4.00740896259142 -0.79302872205474
6.68682374026442 -2.95119445137972 -0.567965811872713
6.91654541403921 -1.7917984615145 -0.519375823222523
7.0251090172242 -0.685972444661348 -0.821939703804261
6.90550673580444 0.337892352048579 -1.35315187855039
6.59678783677491 1.35425075431769 -1.84575641197927
6.11909595687651 2.367534555095 -2.20689525271484
5.48914876194127 3.35281920876647 -2.38016703641163
4.73779547322781 4.27296944475156 -2.3102378138755
3.9208691317816 5.08453027284539 -1.95534748483829
3.11685851726219 5.7672347043397 -1.32084480150041
2.38506014770225 6.37007815970467 -0.495686332123226
1.70053975251093 6.99285021023888 0.354362438023867
0.958114057421178 7.68001242539702 1.0565616140338
0.0710957237381685 8.37314277098022 1.49421976309524
-0.963215084909853 8.96035449017093 1.62056439322905
-2.08078254463171 9.33588196196979 1.44442563867131
-3.18704354773015 9.42604353835227 1.01315487652059
-4.18079146457021 9.19532744209864 0.400333254356255
-4.96780966137847 8.64639060814945 -0.302395863687583
-5.47197994622681 7.8190016190027 -0.990903627418037
-5.64517704232613 6.78867812376998 -1.55696875427631
-5.47966204773759 5.66177240135026 -1.89836963872971
-5.01794251442298 4.56295040680095 -1.93367581128349
-4.35383374011834 3.61243207139133 -1.61988345362369
-3.61238180196315 2.89425300921382 -0.971371620359457
-2.88781856534223 2.41956095689017 -0.07824784843304
-2.1517985178969 2.09722264333123 0.891850015293838
-1.27052090379206 1.76259457573174 1.71308387627421
-0.204013312928198 1.30380101181469 2.14453129186005
0.898541332664454 0.737371820368835 2.02048634367581
1.78676102449441 0.154225953284798 1.32806702706956
2.21305643444888 -0.391610923690614 0.237173142896074
2.04510562653464 -0.944081009232277 -0.928336523527204
1.3325782703663 -1.56397535879971 -1.79927924432669
0.301374592034991 -2.23660425386958 -2.09811470757704
-0.734489827636752 -2.88819263760071 -1.76542395996543
-1.54553365992705 -3.50210042768941 -0.977271281033013
-2.10077063429901 -4.20043265709307 -0.0444668201099535
-2.45025618269357 -5.11867811598403 0.747529198685051
-2.55917116445157 -6.24331626437942 1.22758848324711
-2.3688080372904 -7.42205358684684 1.35938961107478
-1.87024293109382 -8.47328884592067 1.2677436313312
-1.06703960806261 -9.24654199181373 1.17268805180097
0.00492379801140771 -9.57036055169361 1.08220854835545
1.177770201248 -9.43031269773516 0.957382067374907
2.22153814871736 -8.85953046369974 0.799958701691528
2.91319500167161 -7.90373862003712 0.622877337156068
3.1443855500725 -6.73124418573636 0.547730707369742
2.99935494103056 -5.55325659374034 0.489249882052379
2.55001178133482 -4.56761656562378 0.332434890493189
1.86091409826635 -3.79250766441255 0.35934899365695
1.07245340851248 -3.04520557150904 0.603140056330501
0.279728293912537 -2.14688964316609 0.671141967925979
-0.284587240964874 -1.10728494071129 0.270930638499836
-0.34218823035397 -0.0190408006059279 -0.371638347943833
0.11503480765484 1.05659228851546 -0.811728243123613
0.88791675720517 1.99742147296318 -0.764720733954811
1.76274785178656 2.66758010604446 -0.253559704977844
2.62765355133523 3.13198508163275 0.479012587860142
3.48927712175082 3.6209625096158 1.17446387291632
4.33103709541647 4.31048787995845 1.64421641388025
5.05346873527951 5.2226440662676 1.78249482506028
5.53507553773254 6.26750440936011 1.57379608854393
5.69311197579933 7.31506054712932 1.07293577750633
5.5019129054902 8.24222650154258 0.374992840010863
4.98401064169007 8.95449347069366 -0.411798785867604
4.19495634632439 9.39069481811537 -1.18172678790987
3.21122906984233 9.52099551120153 -1.8383530079792
2.12265345759006 9.34761434600808 -2.29648901665529
1.02581495270594 8.90727353072385 -2.48814962067824
0.0110881055983236 8.27336578152201 -2.36973836315592
-0.859129382429238 7.55137713370252 -1.93324794640964
-1.58261367759372 6.85736366792071 -1.21903584129751
-2.24134250103599 6.26624052681041 -0.328925653502827
-2.95682044672432 5.7476885303305 0.57874602786144
-3.7772682199172 5.17051952464531 1.33179544697284
-4.6289178432394 4.41828278972159 1.80884133638091
-5.39018781615331 3.4836783837425 1.96979892145276
-5.97545875716711 2.43645635231841 1.84217739837974
-6.35722140361575 1.35472725040071 1.49025364503574
-6.5484121168753 0.288891021260844 0.985292682082384
-6.57450147536061 -0.741506431540508 0.388152115714136
