-0.929576596331325 -4.84483460050936 -2.64646260606386
-0.466057389639577 -5.76145330029796 -2.51098634810958
0.299650147356957 -6.54533126885598 -2.42858380556704
1.34603848758427 -7.0185283210798 -2.30187470813594
2.51971699627215 -7.17180713996245 -2.2058634866569
3.6929561574955 -7.07704227610741 -2.07634514426346
4.8002915279594 -6.79764275677763 -1.98579337671471
5.743062382508 -6.25496423845498 -1.86632898225047
6.43168853902141 -5.43878943106948 -1.78373184689195
6.83701384864188 -4.45424270264352 -1.72368410368242
6.98299211757913 -3.38825069342774 -1.81665797585494
6.93939724206746 -2.29544498242266 -2.02142474654169
6.7219874555628 -1.17998415242925 -2.17163205758629
6.36030493481981 -0.0665600699723291 -2.06294728593617
5.92677774086704 0.970836809127125 -1.59738984292893
5.52733135703173 1.89787868418893 -0.807747030804724
5.21914189299363 2.80088634100994 0.123210826736761
4.90050776964766 3.78501724269625 0.922950432801666
4.39263470230844 4.81701520718167 1.39823862522256
3.65056537770328 5.76047583661092 1.4951105202487
2.74676954912081 6.49795452058072 1.26529919278656
1.76895619505674 6.98023190990433 0.80305764912662
0.773334141983422 7.20402094652169 0.205241820979581
-0.216732697708855 7.18071241277079 -0.440239994056691
-1.19352440361531 6.91627354965414 -1.05151489478874
-2.14231587829337 6.40936284141862 -1.54465788529696
-3.02317520378776 5.66601515591428 -1.82847938562396
-3.76765511936784 4.72674350179223 -1.8117007859942
-4.31054650880458 3.68961609445649 -1.43469073779006
-4.6688316173509 2.67946091821868 -0.727400688543575
-4.97597632652682 1.74334832639904 0.151263375226828
-5.3269079109339 0.797789098209057 0.953635663275253
-5.67320817636874 -0.258405716632579 1.48217448158866
-5.91774534907466 -1.41123198485592 1.66419342628156
-5.99742296766994 -2.5745744904713 1.53464278166835
-5.88949998824935 -3.6778323898336 1.1940871761704
-5.57823537587661 -4.7052937704762 0.792648139514525
-5.04644330945983 -5.65600652536004 0.451402241741007
-4.29424869251085 -6.49996637540255 0.235588837614419
-3.29293746639883 -7.0997547903866 0.206455541594063
-2.15498437716547 -7.40890769057195 0.302259864014782
-0.986456607932338 -7.39776496467121 0.474672351844065
0.120577273660465 -7.11267441578989 0.647493931107443
1.05515718262739 -6.57284892166085 0.857738318337478
1.65798554717513 -5.82387453793498 1.20114371428259
1.96673189434526 -4.96976736102283 1.53151501030808
2.15403433608827 -4.09037138725651 1.82349512659072
2.21093902992495 -3.19267115789384 2.18505770363506
2.19362725756517 -2.19527826976233 2.48053652737852
2.06417482157862 -1.10932538247498 2.7796434946908
1.9494376182961 0.0764953322714812 2.72812255096922
1.90993217795875 1.19716322638347 2.22054066890188
1.97684415660141 2.11246091098509 1.35068415395149
2.19877181153979 2.83475690551857 0.30296256205714
2.66760115197347 3.47352543679653 -0.72147352850251
3.4657324869512 4.064506695499 -1.51622737568137
4.55988200352955 4.50606869963548 -1.9155973622246
5.78116373976518 4.65536752647597 -1.86290659973273
6.90122096308877 4.43272492771078 -1.41392492540827
7.71036309377028 3.84900762421125 -0.701006010020853
8.06378185462354 2.99247741420389 0.101970193267885
7.90605047326156 2.00378710341767 0.810033198199211
7.28022956311177 1.04575591125132 1.25748544413926
6.31945233369648 0.267606673567202 1.33328473652134
5.20279275457575 -0.24059974265112 1.03368591159962
4.04455305412566 -0.494866865391707 0.515097986075891
2.82115025034116 -0.602701493189967 0.0638751959489322
1.52408893809554 -0.666761088234659 -0.0893768820516885
0.222932379787516 -0.738385173500781 -0.00952069432826089
-1.06970855886266 -0.824898003471809 -0.0196014872163621
-2.31206133550656 -0.887618309763818 -0.3609036536059
-3.4531393295226 -0.860996052592601 -0.968891812818347
-4.55769051404493 -0.662603636495933 -1.58202986235516
-5.66282387990498 -0.216751764264137 -1.95255883795101
-6.66567258917085 0.487625291077803 -1.95242984101681
-7.40289140232169 1.38093127932629 -1.58053559588622
-7.74060873117142 2.34307566495695 -0.921238795321011
-7.61161012745074 3.23571135561702 -0.10838070212351
-7.02647697646901 3.92914366038698 0.698766464597245
-6.07240996399212 4.32612474497079 1.33733744092236
-4.90205312011599 4.38242007566139 1.66435113870615
-3.70953792162284 4.12253181347113 1.58296976530638
-2.68573568389958 3.6409090649121 1.07386345799982
-1.94665457934874 3.05871794087044 0.223129819639001
-1.47908645440314 2.42435136078357 -0.796017183841422
-1.18707516402489 1.66166699646122 -1.78387161976712
-0.998862928026851 0.676594995924174 -2.54526128319222
-0.901495419165363 -0.486116797314179 -2.95225361177004
-0.901456639019153 -1.68014863364074 -3.0538434832296
-0.981379522871613 -2.80776619477687 -2.96339213248922
-1.0379070526168 -3.85651830698683 -2.81462196550554
