-9.34906994221542 -2.11132365053079 1.22456016416301
-9.3715724385583 -3.13713619307134 0.647891829233212
-9.07456539665107 -4.02791396284614 -0.0596530507397328
-8.47183629528247 -4.70515106383912 -0.803780199286894
-7.6118734541158 -5.10941429689889 -1.48293689553396
-6.5798432155626 -5.21265203296846 -2.0039589962932
-5.48945127715683 -5.0304019022968 -2.31809883604337
-4.44772462626424 -4.61539727754406 -2.45037356022044
-3.51979953418009 -4.03134382747399 -2.45182170386147
-2.71665737846933 -3.3536343568755 -2.3731438907115
-2.00098924815693 -2.64599467468184 -2.29155988494134
-1.32284587978776 -1.94289668767957 -2.28594393415703
-0.703511745721475 -1.20917334485905 -2.36490229187726
-0.122177909283136 -0.452286442787965 -2.46843341684735
0.380656825811678 0.359066935474194 -2.57753068710741
0.874663076121527 1.1848027886465 -2.66496510429566
1.44439956772233 1.97310715461764 -2.77221196106126
2.09313000311675 2.72981462192984 -2.89760127408909
2.81632284286305 3.4775862233935 -2.97912824097174
3.63136956795439 4.1999286968846 -3.0241474760282
4.54959045461272 4.85635191788393 -2.97080277127651
5.55145152927786 5.37354280845254 -2.72195713976171
6.55630286838715 5.66988946840514 -2.20680767486883
7.45442028481227 5.68478117054877 -1.44947627053736
8.15006070987041 5.39864049961148 -0.540837068235904
8.57661482440701 4.83097956965267 0.404158633196111
8.6989734768941 4.03239570283376 1.26778198533465
8.51576879917039 3.07727714022668 1.93943260342366
8.06272996934768 2.05618261963504 2.32363003107879
7.41570180920743 1.06517012456065 2.35060575510287
6.68852279891196 0.185865665634434 1.99395561750961
6.00953240581665 -0.55203128366535 1.29499417344707
5.46259850319044 -1.20800212573233 0.371685781409332
5.03737356291758 -1.90472062692422 -0.606565592885144
4.641142585152 -2.73237679144123 -1.46064395973676
4.15895238191214 -3.68525265467871 -2.04546653027621
3.5305821528115 -4.67007609220455 -2.28146520801971
2.77014807054356 -5.56710263162434 -2.16920183518054
1.92498303663227 -6.28606196345798 -1.76860565869011
1.03638116587572 -6.77778666354261 -1.16591240366009
0.125646157050702 -7.02219601658998 -0.453375982976376
-0.801343985837331 -7.01392145304493 0.278717608908851
-1.74035081791325 -6.75398260990741 0.942536259941097
-2.67365977570099 -6.25102836243571 1.45151628899582
-3.56153234064765 -5.53164823418622 1.72346169427532
-4.34806304902983 -4.6541772239899 1.69206349171834
-4.98956576906024 -3.71382523615142 1.32995504576727
-5.49991440756231 -2.81499747741519 0.674610765671871
-5.96233317814971 -2.01135291490518 -0.168727695127764
-6.46814828060389 -1.27002874422698 -1.05130321083923
-7.05352585754966 -0.495285630995668 -1.81549619004925
-7.68258659613735 0.396383659750096 -2.33034917287355
-8.26540079769818 1.41461568419662 -2.51989191353161
-8.70253251342513 2.50214249301554 -2.37093278690206
-8.91657295304381 3.57087539857838 -1.91831666576375
-8.86151084908765 4.52704687529027 -1.22851780464884
-8.52331550500706 5.28495057524041 -0.389994510467226
-7.9191653403061 5.77624385168301 0.493585009190143
-7.09652971000278 5.95851654295968 1.31056058151602
-6.13132025137152 5.82457723427785 1.95279927641939
-5.120666031549 5.41159662057513 2.3378458835099
-4.15895551017986 4.8010388563012 2.44346329810239
-3.29820778468045 4.09198971529509 2.31217849368763
-2.54919764436175 3.36017820228446 1.99202354469053
-1.89061695564071 2.61337756368653 1.61786763869874
-1.29114312397302 1.82933041644634 1.31341339135886
-0.724754878674429 1.00310355375144 1.15362750169075
-0.181484301924643 0.148280169467323 1.13017442623213
0.371559447182885 -0.708059139086944 1.18961290625288
0.958732636176408 -1.55848432216833 1.23176184906953
1.59652815050613 -2.39887449607346 1.29502104434167
2.34858754771897 -3.17916920465643 1.41324303143728
3.23320877187519 -3.86026992110391 1.55965666441446
4.26606537827674 -4.36261218655048 1.61747532381305
5.39461516089125 -4.60497153377818 1.47838653768633
6.5003673824591 -4.53036042761839 1.10059798966911
7.44778766802819 -4.1217331719089 0.533108397870246
8.12680621710229 -3.40924264144344 -0.122087088155602
8.46873099945236 -2.46274055633414 -0.748212422924136
8.45058530201346 -1.37891045516383 -1.23278144333613
8.09878411416813 -0.266967046310288 -1.47863663439105
7.49281410908854 0.772763500428244 -1.42041859681491
6.75445256546301 1.68793964408848 -1.05525158740705
5.9995879240641 2.51289502668964 -0.469837017068813
5.27821604741056 3.33554880651306 0.173450688097739
4.55433474735333 4.19899077100049 0.694084526211098
3.75506489521216 5.05888187073817 0.960979847870242
2.85315412784786 5.81933937021348 0.930100207110124
1.87551091248859 6.39430280370114 0.638148860073177
0.860732118204064 6.73513960117915 0.166216677988336
-0.166151646140825 6.82272283527922 -0.389404482508767
-1.19234377870241 6.65447691252398 -0.928961642593411
-2.20358500704938 6.24049887057393 -1.35277562939576
-3.17163473218841 5.6100240367785 -1.56610557750618
-4.05602359085756 4.82425125270314 -1.49444757483441
-4.83179188308809 3.97859700956174 -1.11432633889005
-5.52904204373608 3.16863743931266 -0.483045895651864
-6.22241959477904 2.43034773559001 0.265540526869758
-6.96356158631523 1.71181871956253 0.963453277487211
-7.73672284734888 0.917679820706658 1.46414269724788
-8.46007360944771 -0.00582283714441099 1.67949710745959
-9.02702599844876 -1.03847085955861 1.5891642170359
