-1.217616 3.426897 -1.180366
-1.603184 4.309919 -0.915234
-2.029456 5.091314 -0.306503
-2.642544 5.735294 0.455754
-3.545475 6.201808 1.020592
-4.661030 6.446424 1.096093
-5.748999 6.431832 0.655601
-6.569420 6.144563 -0.065858
-7.007913 5.609907 -0.756447
-7.067320 4.898232 -1.209011
-6.800770 4.114742 -1.370663
-6.272858 3.374291 -1.281155
-5.551263 2.774915 -1.000301
-4.700428 2.381812 -0.587283
-3.772492 2.222967 -0.116601
-2.804530 2.292136 0.313273
-1.823282 2.556120 0.598007
-0.849679 2.964950 0.661735
0.103242 3.462602 0.486896
1.036557 3.994251 0.124059
1.966244 4.507374 -0.322723
2.911674 4.948378 -0.728529
3.875752 5.260494 -0.984874
4.832145 5.387159 -1.033266
5.736204 5.278941 -0.896934
6.545923 4.904552 -0.686350
7.209836 4.272785 -0.525737
7.638157 3.450800 -0.450211
7.735209 2.545518 -0.418106
7.469655 1.659359 -0.407593
6.880418 0.865165 -0.430842
6.043471 0.197437 -0.501095
5.069236 -0.359595 -0.655928
4.077459 -0.860784 -0.937616
3.132988 -1.359637 -1.296868
2.240781 -1.884628 -1.584953
1.409633 -2.446825 -1.661252
0.689342 -3.048983 -1.468925
0.153065 -3.684437 -1.029796
-0.133122 -4.335681 -0.415526
-0.129432 -4.975648 0.276400
0.169569 -5.569487 0.944434
0.735584 -6.077479 1.501036
1.513391 -6.460113 1.883862
2.430946 -6.684333 2.059836
3.410540 -6.728746 2.023643
4.379003 -6.585869 1.792696
5.275118 -6.260983 1.400528
6.053043 -5.768621 0.890363
6.681748 -5.128473 0.310219
7.142640 -4.363504 -0.279644
7.429290 -3.503257 -0.766927
7.547536 -2.587192 -0.967083
7.507399 -1.654467 -0.746319
7.313223 -0.726094 -0.198878
6.973144 0.193210 0.424168
6.518549 1.098045 0.975810
5.997157 1.985798 1.443799
5.442817 2.873837 1.757919
4.863986 3.787006 1.803333
4.257982 4.720808 1.637679
3.617742 5.631482 1.476712
2.925460 6.460655 1.435481
2.159565 7.153884 1.442673
1.314955 7.661931 1.392306
0.411119 7.947073 1.244059
-0.517122 7.995735 1.004348
-1.432907 7.820356 0.718135
-2.306410 7.448756 0.483271
-3.118633 6.913692 0.412462
-3.861071 6.248780 0.551597
-4.533079 5.485459 0.844545
-5.137553 4.647338 1.183676
-5.675620 3.747045 1.482399
-6.142962 2.790138 1.698931
-6.529878 1.782552 1.816473
-6.824239 0.735449 1.823905
-7.014910 -0.334426 1.714341
-7.093798 -1.407120 1.490216
-7.055797 -2.462243 1.164363
-6.897173 -3.480473 0.756736
-6.613983 -4.443216 0.290194
-6.201947 -5.331123 -0.212000
-5.658142 -6.122773 -0.726257
-4.983960 -6.794558 -1.227269
-4.188478 -7.322013 -1.686586
-3.291480 -7.682282 -2.072356
-2.325526 -7.857190 -2.350904
-1.336385 -7.836345 -2.490459
-0.381003 -7.619631 -2.466816
0.477697 -7.218224 -2.270278
1.179051 -6.653409 -1.912680
1.674650 -5.953183 -1.432700
1.937739 -5.147915 -0.896820
1.969311 -4.266953 -0.392641
1.798373 -3.336976 -0.012254
1.474910 -2.380799 0.172315
1.056588 -1.414862 0.133207
0.593799 -0.446360 -0.101727
0.119759 0.525937 -0.457258
-0.348829 1.504071 -0.832347
-0.800066 2.479473 -1.114741
