-5.78003078462965 -3.44186228693656 -0.712981152851998
-5.1048177230297 -4.16818777127223 -0.59235056296136
-4.24226700759742 -4.6846063201451 -0.228212469152023
-3.26241844710335 -4.9713543786297 0.216219132163535
-2.23098229007282 -5.1064809033792 0.665828162024383
-1.16633906623494 -5.19651131763478 1.1034029204488
-0.0795239830067658 -5.28330054156826 1.52510570860885
1.03293709608336 -5.33759193314279 1.85287001303014
2.189900520538 -5.26328206615554 2.06429665697805
3.37261237190952 -5.03615528916373 2.0327331149711
4.4517112040509 -4.56904412268129 1.79983105981809
5.33255734430669 -3.93019702968935 1.32357326729513
5.9679782653519 -3.17812568950176 0.668985948327574
6.34852525749199 -2.34719300168121 -0.0773698414498728
6.48031767494 -1.45601752610968 -0.838386691053508
6.37149675901309 -0.516480435327624 -1.54421600487843
6.02821019735066 0.455012247364568 -2.12437647755
5.46267804425305 1.42644177504097 -2.50341699569749
4.7086261380789 2.34412819202871 -2.60535736354396
3.83867476621289 3.14094110182323 -2.37092219149458
2.96703078816128 3.77035906557342 -1.78658727640647
2.21008341598917 4.26794009750929 -0.918304303458336
1.59463831334405 4.77165476405195 0.0771090796966563
1.00706564517771 5.4077614100648 0.992437224114189
0.290279484441475 6.16564199052257 1.64584419174339
-0.618010303777541 6.91469943688114 1.93217226459776
-1.66619454058985 7.49853791157995 1.8310010257341
-2.7431035142055 7.79623222866795 1.38814147253453
-3.72284386870958 7.7413406103172 0.695271900245004
-4.49114153843 7.32230892698347 -0.127201465183376
-4.96106333512151 6.57810842663357 -0.944152447262296
-5.08484835641869 5.59241110947925 -1.61917876229046
-4.86429728106979 4.48418355620251 -2.03003057733922
-4.35730906711339 3.39102906060613 -2.08763463818038
-3.6731448550007 2.44024012920727 -1.75912378374268
-2.93806408781353 1.70333563642783 -1.09218011713294
-2.21923169189831 1.13683993643566 -0.229266965232335
-1.46896291982377 0.572414248053909 0.610764817820927
-0.620531982371866 -0.144857156089247 1.1755847231022
0.278566216565168 -1.00063413634684 1.26499537639191
1.09662961332817 -1.86254352628144 0.839938305470503
1.72037233593774 -2.67843188528951 0.0678701485352145
2.12255691721003 -3.57104767440456 -0.757957703068725
2.29114212723181 -4.64710708053471 -1.371220078422
2.16882916592522 -5.83361491524086 -1.6257683578122
1.73401920325926 -6.94095847394931 -1.5407145163528
0.996594598106366 -7.8026949679126 -1.38158546700359
-0.0522395723369001 -8.17996679930626 -1.42135041915497
-1.18097475476346 -8.10435546647935 -1.58011451888674
-2.27621539787271 -7.67175036879194 -1.80147193139909
-3.12729400333114 -6.85494990059194 -2.05382613915952
-3.50461342516147 -5.72133158689997 -2.24548900400459
-3.30724191194603 -4.47190408818397 -2.21115058068614
-2.77506662394189 -3.32405919634307 -2.08330775666
-1.97680284142831 -2.43984980015412 -1.91756178008899
-1.07572645479039 -1.63873219066014 -1.81574736888773
-0.0876725227762142 -0.877939444380713 -1.73976780772447
0.90272324104101 -0.135569241342837 -1.4991529747979
1.81072135955701 0.496237322617597 -0.89476871227184
2.61545254485323 1.05694423505768 -0.0963843622498963
3.38061311958978 1.72087599302342 0.635662078232247
4.09254328619338 2.59822086445828 1.11140400585715
4.6398360103277 3.66807107859575 1.24650870241056
4.90335700913109 4.82295663184267 1.04694668715636
4.81275947338167 5.92245183446853 0.579522525098219
4.35853887922187 6.83146828066484 -0.0533668577309957
3.58555303467648 7.44370280722024 -0.731841519448103
2.58062801731367 7.69369493204686 -1.3324990297094
1.46099662657576 7.56663956228019 -1.73923850997289
0.357839300028218 7.10609422838823 -1.8561665941454
-0.612812911281996 6.41910872136327 -1.62435276079182
-1.40449196699321 5.66324800518249 -1.05004123769094
-2.09554662960424 4.97816694885404 -0.237466101399607
-2.83522583065888 4.38109506406374 0.611686400995252
-3.68427095975951 3.75940107346559 1.27889983567763
-4.57087027988727 3.01130526600185 1.63183398471903
-5.37694483647191 2.13314107119545 1.64782486948036
-6.01287636954877 1.17783425632355 1.37474365302118
-6.43317844235518 0.204128029416483 0.891287767453284
-6.6278055190567 -0.747941922064143 0.299084035135534
-6.60238945230224 -1.69015082365237 -0.236390214661832
-6.29269385740521 -2.59654140634256 -0.617855584650971
