-7.02654018411906 1.41259741755483 -0.0966331389099785
-7.33260091053809 0.46256188044821 0.52715761533954
-7.44928209193175 -0.562140779277615 1.08826986820919
-7.34468558770451 -1.63619113166911 1.53688676899626
-6.995264100016 -2.69294352974052 1.85036003602259
-6.40883203143122 -3.63165044130017 2.06714246503107
-5.62849347560132 -4.36882585646751 2.1487838486019
-4.64857676979056 -4.68280820693273 2.10841946863014
-3.64511926960218 -4.43091629643963 1.90666117856215
-2.82929374325012 -3.74822311690597 1.53825693057454
-2.10238575847342 -2.91164550793526 1.15135142700012
-1.3466383777954 -2.03910896263189 0.899097689868783
-0.634595978198029 -1.1450657261942 0.765044010026699
0.105762171484759 -0.268440334238912 0.795519483007202
0.859612153560319 0.652037965480282 0.788903415064165
1.58211210297612 1.59832729357859 0.506060672402123
2.17212087079521 2.48939317672997 -0.134318518351857
2.55802747925724 3.36906353819823 -0.94254466347152
2.71763733920088 4.35965958299395 -1.67047827407959
2.61528342634425 5.47913566197511 -2.13797953818821
2.22874369039529 6.61524659070343 -2.25756382860281
1.58373825226768 7.60442264981163 -2.02404714339503
0.751460621351034 8.29499736184079 -1.49225692706359
-0.165920660756403 8.57801816593794 -0.760379047930574
-1.05214050558454 8.40242102940472 0.0429816558375556
-1.79346696540018 7.78433278612495 0.773470919307956
-2.29773529684174 6.80961555071506 1.28860198418394
-2.51355832320219 5.62639641949268 1.46976827640612
-2.44609677305081 4.42231295517824 1.24882305394426
-2.15400136569371 3.37583065159289 0.63987306604044
-1.69980260084811 2.5748420884639 -0.236166675557185
-1.07528611648467 1.94871558720807 -1.16587556148534
-0.230667524900928 1.33714770466796 -1.8930607535753
0.789575480367797 0.66679939770605 -2.18657861787177
1.81500909226186 -0.00969367873815582 -1.93829312620536
2.66095716450568 -0.632605089729301 -1.22803485202038
3.2658877244896 -1.24999343795274 -0.280800446941111
3.67419032303949 -1.99180628887393 0.663499158179804
3.88759007844995 -2.93642377506648 1.43239457852653
3.85520956612592 -4.04405393985481 1.92599939230771
3.55048720457446 -5.19369979593434 2.10780919945062
2.99888095496298 -6.2538270641021 1.9910662401774
2.26107696966125 -7.12699763318476 1.62312060510958
1.4060820806394 -7.76270689098961 1.06766725697226
0.490525589311463 -8.14648684074704 0.389777353543052
-0.448817988029797 -8.2778142643025 -0.350634864598777
-1.39021365188508 -8.15100448536322 -1.09557054998703
-2.31573718771213 -7.7541989730128 -1.77986882455408
-3.2035628011789 -7.10310817469558 -2.33454487586745
-4.01727480649474 -6.2635454449347 -2.72425114563461
-4.60526608288279 -5.24798688416942 -2.92947992309433
-4.83086670251016 -4.15707194598493 -2.88377025760098
-4.53538993664464 -3.18894537224868 -2.63690366815801
-3.83321868103784 -2.54855509801668 -2.37609164971102
-2.93873867991519 -2.43082406402934 -2.12111192580094
-2.11165492046332 -2.81961483410707 -1.88569169159402
-1.4676363700736 -3.44849049441995 -1.59891465763411
-0.701232823928364 -3.96301552581469 -1.57329448826618
0.121978970940315 -4.30534163870389 -1.4457885808377
1.00647831832612 -4.48627518313135 -1.46624648172692
1.93524548499634 -4.51472642419218 -1.68261102597351
2.9404492791647 -4.41064510515115 -1.94440308921141
3.98750882049491 -4.09574138491146 -2.16212782065235
5.00486619352415 -3.54731861002526 -2.25091383895504
5.90913148005435 -2.79347764825035 -2.20867971589876
6.62916978569841 -1.88240438364728 -1.98758979731294
7.12368326017209 -0.880179602735206 -1.60507161385491
7.38428417100734 0.156395711591311 -1.10764556810395
7.41753368911945 1.18687356498482 -0.54097528048823
7.23013144419166 2.18203711053909 0.0543475058729214
6.82315435991618 3.11630248962332 0.636888058813268
6.19593647327654 3.96071028368709 1.15779927444023
5.35636685716737 4.6786382999492 1.55666320541657
4.33642745885632 5.22750463746829 1.76283564668705
3.20555468449304 5.56826996846523 1.70657106543237
2.06927698388303 5.6873046529649 1.33976261050954
1.028004984254 5.62975601606539 0.670317857927657
0.0868662518971049 5.50714569014549 -0.204041425564139
-0.865959428698299 5.40324338638428 -1.09007836372236
-1.92609416676874 5.25309470470402 -1.76677182645764
-3.06068727986502 4.94527115196044 -2.10315470597279
-4.15547128560721 4.45532649487513 -2.09157427311211
-5.12035178985444 3.82255212496096 -1.80121778045798
-5.92010456582877 3.0917052309871 -1.32091283026362
-6.55360674711326 2.28708173778975 -0.73096564367657
