25.657778 -3.128664 2.512203
27.274834 -4.940799 1.721846
28.975029 -6.754457 0.749154
30.663689 -8.411405 -0.326019
32.245834 -9.755303 -1.430592
33.669392 -10.687994 -2.515258
34.939232 -11.197979 -3.553549
36.096375 -11.341060 -4.530037
37.183186 -11.193932 -5.429511
38.219868 -10.818083 -6.233379
39.200569 -10.250957 -6.922164
40.101215 -9.514679 -7.479784
40.888527 -8.626381 -7.896568
41.526047 -7.603490 -8.170268
41.977940 -6.465246 -8.305544
42.211708 -5.233091 -8.312428
42.200230 -3.931128 -8.204249
41.922333 -2.586790 -7.995690
41.360252 -1.231555 -7.702140
40.493259 0.098887 -7.341289
39.291931 1.366665 -6.936016
37.723286 2.538022 -6.514883
35.771961 3.593226 -6.106770
33.465080 4.534375 -5.731573
30.877527 5.384104 -5.394045
28.109247 6.174516 -5.085601
25.253803 6.933630 -4.790709
22.384338 7.677114 -4.490432
19.561184 8.406670 -4.161099
16.842024 9.111640 -3.774164
14.276620 9.771756 -3.303704
11.890192 10.361535 -2.738973
9.675157 10.856264 -2.091560
7.602442 11.237145 -1.390280
5.642386 11.492933 -0.668135
3.777731 11.618036 0.048588
2.002861 11.609411 0.743841
0.316544 11.464557 1.409997
-1.283349 11.181238 2.044837
-2.800886 10.758290 2.649326
-4.240865 10.196624 3.226141
-5.607467 9.499875 3.778521
-6.903587 8.674576 4.309267
-8.130874 7.729867 4.819933
-9.290180 6.676944 5.310214
-10.382181 5.528419 5.777521
-11.407872 4.297714 6.216766
-12.368875 2.998624 6.620326
-13.267491 1.645043 6.978197
-14.106547 0.250885 7.278343
-14.889081 -1.169877 7.507218
-15.617972 -2.603068 7.650451
-16.295549 -4.034147 7.693646
-16.923258 -5.448056 7.623264
-17.501415 -6.829131 7.427496
-18.029064 -8.161101 7.097110
-18.503973 -9.427204 6.626192
-18.922752 -10.610409 6.012738
-19.281075 -11.693748 5.259072
-19.573999 -12.660758 4.372049
-19.796358 -13.495970 3.363061
-19.943178 -14.185457 2.247820
-20.010075 -14.717381 1.045948
-19.993637 -15.082510 -0.219595
-19.891733 -15.274675 -1.523234
-19.703720 -15.291128 -2.837597
-19.430561 -15.132772 -4.134399
-19.074812 -14.804263 -5.385347
-18.640518 -14.313951 -6.563028
-18.133022 -13.673674 -7.641736
-17.558645 -12.898387 -8.598236
-16.924374 -12.005558 -9.412402
-16.237492 -11.014070 -10.067745
-15.505299 -9.942140 -10.551807
-14.734920 -8.803981 -10.856420
-13.933146 -7.606247 -10.977813
-13.106165 -6.347561 -10.916612
-12.258849 -5.025064 -10.677709
-11.393731 -3.647905 -10.270047
-10.510135 -2.250010 -9.706329
-9.604299 -0.890896 -9.002666
-8.670767 0.359958 -8.178118
-7.704425 1.446379 -7.254209
-6.702093 2.340844 -6.254397
-5.662993 3.043190 -5.203583
-4.588352 3.567247 -4.127613
-3.480833 3.926745 -3.052801
-2.344298 4.128227 -2.005448
-1.183816 4.170990 -1.011418
-0.005573 4.049877 -0.095743
1.183626 3.757285 0.717752
2.377201 3.283660 1.406901
3.569470 2.618626 1.951822
4.755394 1.756292 2.335757
5.928867 0.706479 2.546171
7.080041 -0.491469 2.576181
8.193750 -1.760788 2.425859
9.252439 -2.994118 2.101961
10.245534 -4.077226 1.615158
11.180738 -4.920865 0.977628
12.086667 -5.484006 0.206300
13.000485 -5.774810 -0.668388
13.948457 -5.830584 -1.597307
14.935008 -5.692368 -2.519373
15.946741 -5.389952 -3.376542
16.963894 -4.940980 -4.125313
17.969002 -4.357364 -4.738327
18.950045 -3.651554 -5.199469
19.901564 -2.839921 -5.498594
20.827969 -1.943646 -5.628261
21.751001 -0.987382 -5.581410
22.718372 0.005058 -5.349153
23.802477 1.017032 -4.920567
25.075191 2.041276 -4.288650
26.560472 3.070197 -3.463577
28.196936 4.077081 -2.485116
29.852161 5.006309 -1.420018
31.391180 5.787753 -0.340163
32.746418 6.365840 0.702986
33.932686 6.717570 1.686855
35.006947 6.847563 2.606218
36.019882 6.772104 3.457200
36.995640 6.508619 4.230627
37.937508 6.074083 4.914631
38.839264 5.486581 5.499164
39.690815 4.765580 5.978064
40.478809 3.930989 6.348979
41.186298 3.002463 6.612701
41.793388 1.999573 6.772740
42.278728 0.942333 6.835037
42.620754 -0.148762 6.807469
42.797783 -1.253732 6.698921
42.786919 -2.354922 6.518071
42.562775 -3.438773 6.272319
42.097305 -4.496467 5.967384
41.361534 -5.522497 5.608074
40.328407 -6.510573 5.200737
38.975639 -7.447451 4.757287
37.288734 -8.308231 4.298825
35.266827 -9.059402 3.854625
32.931587 -9.672472 3.453733
30.332857 -10.140858 3.113066
27.542318 -10.486231 2.831016
24.635204 -10.748298 2.591565
21.672056 -10.967210 2.374048
18.692623 -11.172463 2.159465
15.722726 -11.382298 1.930082
12.785001 -11.606454 1.667129
9.905024 -11.844694 1.352791
7.197449 -12.086159 0.910863
4.601433 -12.270402 0.429280
2.141990 -12.340376 -0.064889
-0.157592 -12.252645 -0.548770
-2.279051 -11.983536 -1.008637
-4.212987 -11.527048 -1.439417
-5.960625 -10.889455 -1.841478
-7.532514 -10.084458 -2.217444
-8.945195 -9.129905 -2.569998
-10.217505 -8.045603 -2.900499
-11.367666 -6.851799 -3.208080
-12.411539 -5.568176 -3.489125
-13.361936 -4.213330 -3.737101
-14.228640 -2.804651 -3.942728
-15.018791 -1.358492 -4.094427
-15.737362 0.109515 -4.179003
-16.387552 1.584088 -4.182467
-16.971083 3.049950 -4.090967
-17.488379 4.491564 -3.891741
-17.938705 5.892971 -3.574046
-18.320341 7.237746 -3.129996
-18.630743 8.509095 -2.555276
-18.866831 9.690063 -1.849669
-19.025290 10.763857 -1.017395
-19.102943 11.714279 -0.067222
-19.097143 12.526215 0.987640
-19.006145 13.186165 2.129853
-18.829454 13.682795 3.338452
-18.568094 14.007432 4.589502
-18.224785 14.154529 5.856883
-17.804012 14.122002 7.113140
-17.311958 13.911470 8.330384
-16.756332 13.528343 9.481184
-16.146070 12.981760 10.539418
-15.490944 12.284377 11.481047
-14.801079 11.452008 12.284802
-14.086458 10.503144 12.932745
-13.356394 9.458371 13.410699
-12.619035 8.339711 13.708565
-11.880935 7.169947 13.820471
-11.146707 5.971943 13.744842
-10.418801 4.768017 13.484319
-9.697411 3.579395 13.045598
-8.980526 2.425777 12.439177
-8.264151 1.325032 11.679028
-7.542640 0.293040 10.782207
-6.809204 -0.656336 9.768414
-6.056496 -1.511144 8.659522
-5.277305 -2.261152 7.479053
-4.465283 -2.897604 6.251653
-3.615681 -3.412962 5.002528
-2.726012 -3.800715 3.756894
-1.796584 -4.055264 2.539434
-0.830826 -4.171970 1.373786
0.164689 -4.147358 0.282100
1.180575 -3.979521 -0.715325
2.230253 -3.673722 -1.632348
3.231246 -3.218890 -2.362703
4.222247 -2.573852 -2.897956
5.213249 -1.928813 -3.433209
6.159419 -1.121190 -3.735369
7.076336 -0.222947 -3.873800
7.954502 0.722951 -3.859090
8.800866 1.679076 -3.705439
9.628024 2.592531 -3.426178
10.461908 3.404387 -3.020473
11.338286 4.061737 -2.474198
12.288408 4.530529 -1.780725
13.323628 4.799995 -0.964735
14.432220 4.875595 -0.084954
15.589855 4.766688 0.786391
16.772961 4.477471 1.586934
17.965515 4.004292 2.273247
19.159641 3.337553 2.816468
20.355978 2.465769 3.193583
21.567753 1.380039 3.379878
22.825945 0.077562 3.345442
24.175987 -1.434374 3.060587
