-7.650060 7.005857 4.633276
-6.409769 7.882048 4.134753
-5.097598 8.650970 3.607688
-3.710684 9.305328 3.054757
-2.245512 9.839508 2.478574
-0.697577 10.249722 1.882281
0.939107 10.534121 1.270169
2.672621 10.692864 0.648213
4.513755 10.728146 0.024433
6.476271 10.644098 -0.591021
8.576231 10.446529 -1.186161
10.829601 10.142420 -1.747898
13.247465 9.739160 -2.263204
15.828780 9.243649 -2.720614
18.551743 8.661504 -3.111814
21.366199 7.996737 -3.432939
24.190388 7.252269 -3.685160
26.915012 6.431348 -3.874182
29.415735 5.539652 -4.008562
31.572197 4.587398 -4.097114
33.288795 3.590660 -4.146042
34.511173 2.571298 -4.156662
35.233475 1.555380 -4.124423
35.494713 0.570604 -4.039615
35.366135 -0.356404 -3.889622
34.934353 -1.202094 -3.662101
34.285431 -1.946838 -3.348286
33.493549 -2.574704 -2.945650
32.615601 -3.072639 -2.459431
31.690729 -3.429653 -1.902843
30.742804 -3.636490 -1.296090
29.783941 -3.685984 -0.664492
28.817795 -3.574094 -0.036131
27.842300 -3.301436 0.560561
26.852020 -2.875005 1.098886
25.840330 -2.309687 1.555394
24.801468 -1.629100 1.910792
23.732264 -0.865304 2.150381
22.633186 -0.057152 2.264295
21.508541 0.752612 2.247791
20.365856 1.521021 2.101673
19.214710 2.208558 1.832758
18.065418 2.782121 1.454138
16.927864 3.216828 0.984973
15.810617 3.496620 0.449651
14.720292 3.613958 -0.123665
13.661119 3.569071 -0.704932
12.634639 3.369104 -1.264241
11.639596 3.027364 -1.773651
10.672089 2.562599 -2.208583
9.726068 1.998174 -2.548644
8.794149 1.361011 -2.777906
7.868629 0.680246 -2.884779
6.942533 -0.014297 -2.861647
6.010499 -0.693638 -2.704459
5.069372 -1.330985 -2.412398
4.118435 -1.902749 -1.987661
3.159309 -2.389162 -1.435336
2.195567 -2.774512 -0.763344
1.232173 -3.047085 0.017646
0.274819 -3.198899 0.894346
-0.670739 -3.225317 1.851080
-1.599292 -3.124625 2.870090
-2.506661 -2.897620 3.931926
-3.390032 -2.547249 5.015879
-4.248110 -2.078326 6.100443
-5.081100 -1.497337 7.163780
-5.890534 -0.812321 8.184193
-6.678981 -0.032815 9.140585
-7.449672 0.830154 10.012922
-8.206084 1.764079 10.782686
-8.951520 2.754991 11.433301
-9.688717 3.787519 11.950546
-10.419511 4.845014 12.322914
-11.144578 5.909733 12.541924
-11.863264 6.963104 12.602377
-12.573514 7.986059 12.502522
-13.271898 8.959424 12.244158
-13.953728 9.864361 11.832632
-14.613251 10.682828 11.276747
-15.243910 11.398046 10.588565
-15.838639 11.994940 9.783113
-16.390194 12.460545 8.877998
-16.891462 12.784334 7.892924
-17.335770 12.958483 6.849134
-17.717133 12.978024 5.768797
-18.030464 12.840921 4.674354
-18.271694 12.548026 3.587849
-18.437843 12.102959 2.530275
-18.527004 11.511899 1.520952
-18.538254 10.783320 0.576986
-18.471518 9.927668 -0.287188
-18.327362 8.957022 -1.060143
-18.106779 7.884758 -1.733664
-17.810925 6.725222 -2.302807
-17.440853 5.493455 -2.765810
-16.997261 4.204959 -3.123864
-16.480215 2.875534 -3.380749
-15.888914 1.521174 -3.542372
-15.221467 0.158018 -3.616216
-14.474701 -1.197663 -3.610768
-13.644034 -2.529464 -3.534927
-12.723433 -3.820880 -3.397483
-11.705480 -5.055418 -3.206675
-10.581611 -6.216830 -2.969907
-9.342513 -7.289518 -2.693627
-7.978700 -8.259125 -2.383406
-6.481217 -9.113306 -2.044192
-4.842398 -9.842605 -1.680696
-3.056528 -10.441317 -1.297797
-1.120268 -10.908165 -0.900843
0.967350 -11.246627 -0.495699
3.205466 -11.464773 -0.088420
5.592381 -11.574532 0.315482
8.126538 -11.590344 0.712106
10.806608 -11.527151 1.100319
13.629554 -11.397614 1.482648
16.586403 -11.207861 1.865648
19.657749 -10.948801 2.260182
22.808449 -10.583445 2.681230
25.971203 -10.047865 3.142467
29.018070 -9.287332 3.641984
31.759031 -8.304566 4.150221
34.004520 -7.162596 4.617813
35.647964 -5.938908 4.998586
36.687073 -4.692166 5.263268
37.181610 -3.469038 5.395824
37.211166 -2.317212 5.386491
36.862221 -1.280101 5.230244
36.229553 -0.383917 4.924865
35.417942 0.369277 4.464428
34.530392 0.996720 3.839641
33.630745 1.516710 3.058083
32.712502 1.930964 2.165873
31.727150 2.227627 1.234440
30.651283 2.397982 0.320247
29.512653 2.440996 -0.553738
28.357811 2.353615 -1.380555
27.217926 2.127125 -2.148505
26.104750 1.755910 -2.838199
25.020073 1.247046 -3.428580
23.961636 0.622654 -3.901196
22.925320 -0.083747 -4.241883
21.906485 -0.833112 -4.441476
20.900841 -1.586282 -4.496075
19.904833 -2.307483 -4.407040
18.915678 -2.965666 -4.180926
17.931316 -3.534356 -3.829440
16.950266 -3.990918 -3.369333
15.971401 -4.316025 -2.822102
14.993570 -4.493745 -2.213360
14.015136 -4.512349 -1.571815
13.033596 -4.365674 -0.927910
12.045443 -4.054720 -0.312252
11.046385 -3.589027 0.246002
10.031898 -2.987368 0.720600
8.997976 -2.277393 1.089359
7.941861 -1.494087 1.334955
6.862576 -0.677174 1.445336
5.761136 0.132088 1.413805
4.640429 0.894171 1.238853
3.504854 1.574001 0.923823
2.359829 2.142738 0.476450
1.211286 2.578478 -0.091649
0.065233 2.865976 -0.765540
-1.072577 2.995748 -1.527543
-2.196897 2.962949 -2.357815
-3.303155 2.766431 -3.234915
-4.387578 2.408205 -4.136354
-5.447269 1.893392 -5.039129
-6.480219 1.230505 -5.920224
-7.485262 0.431848 -6.757105
-8.461935 -0.486302 -7.528193
-9.410263 -1.503936 -8.213324
-10.330477 -2.598072 -8.794181
-11.222685 -3.743952 -9.254719
-12.086567 -4.916431 -9.581539
-12.921115 -6.091269 -9.764225
-13.724455 -7.246068 -9.795629
-14.493786 -8.360726 -9.672074
-15.225420 -9.417416 -9.393502
-15.914924 -10.400257 -8.963509
-16.557320 -11.294880 -8.389296
-17.147350 -12.088057 -7.681519
-17.679729 -12.767557 -6.854040
-18.149429 -13.322223 -5.923561
-18.551895 -13.742231 -4.909182
-18.883274 -14.019476 -3.831867
-19.140577 -14.147934 -2.713843
-19.321777 -14.123995 -1.577949
-19.425869 -13.946650 -0.446966
-19.452854 -13.617565 0.657062
-19.403666 -13.141031 1.713468
-19.280043 -12.523787 2.703556
-19.084347 -11.774768 3.611109
-18.819345 -10.904802 4.422793
-18.487989 -9.926260 5.128436
-18.093174 -8.852704 5.721170
-17.637527 -7.698553 6.197436
-17.123234 -6.478772 6.556837
-16.551905 -5.208616 6.801867
-15.924515 -3.903413 6.937526
-15.241379 -2.578409 6.970831
-14.502201 -1.248649 6.910285
-13.706156 0.071102 6.765297
-12.851999 1.366424 6.545623
-11.938192 2.623303 6.260834
-10.962996 3.828218 5.919867
-9.924555 4.968246 5.530674
-8.820924 6.031210 5.099994
