-7.099623 6.279255 4.364626
-5.835757 7.092608 3.902378
-4.494871 7.809631 3.408527
-3.072908 8.424088 2.889074
-1.565082 8.931196 2.349797
0.033899 9.327641 1.796625
1.729445 9.611565 1.235872
3.526447 9.782537 0.674339
5.428321 9.841454 0.119294
7.435720 9.790419 -0.421666
9.544971 9.632577 -0.940872
11.746407 9.371973 -1.430906
14.022823 9.013432 -1.884964
16.348404 8.562518 -2.297181
18.688412 8.025572 -2.662866
20.999958 7.409853 -2.978595
23.233936 6.723741 -3.242138
25.338114 5.976985 -3.452212
27.261013 5.180919 -3.608137
28.956156 4.348585 -3.709435
30.386044 3.494725 -3.755501
31.525259 2.635595 -3.745410
32.362255 1.788601 -3.677946
32.899563 0.971804 -3.551873
33.152481 0.203314 -3.366418
33.146515 -0.499341 -3.121902
32.914032 -1.119849 -2.820407
32.490685 -1.643702 -2.466366
31.912109 -2.058735 -2.066959
31.211266 -2.355620 -1.632247
30.416618 -2.528326 -1.174997
29.551254 -2.574538 -0.710211
28.632793 -2.496027 -0.254409
27.673927 -2.298914 0.175255
26.683344 -1.993800 0.561974
25.666855 -1.595662 0.890258
24.628489 -1.123490 1.146838
23.571465 -0.599629 1.321443
22.498901 -0.048833 1.407407
21.414280 0.502908 1.402084
20.321625 1.029691 1.307055
19.225458 1.507052 1.128123
18.130566 1.913247 0.875081
17.041677 2.230337 0.561285
15.963098 2.445029 0.203040
14.898350 2.549197 -0.181162
13.849916 2.540097 -0.571503
12.819076 2.420277 -0.947731
11.805882 2.197222 -1.290034
10.809262 1.882783 -1.579838
9.827244 1.492437 -1.800477
8.857254 1.044438 -1.937720
7.896482 0.558906 -1.980145
6.942237 0.056906 -1.919360
5.992281 -0.440433 -1.750104
5.045077 -0.912719 -1.470243
4.099951 -1.340983 -1.080689
3.157141 -1.708230 -0.585264
2.217734 -1.999830 0.009473
1.283526 -2.203774 0.694431
0.356806 -2.310795 1.458211
-0.559866 -2.314397 2.287332
-1.463857 -2.210858 3.166468
-2.352590 -1.999263 4.078652
-3.223541 -1.681665 5.005464
-4.074113 -1.263409 5.927199
-4.901381 -0.753610 6.823094
-5.701807 -0.165687 7.671680
-6.471027 0.482315 8.451429
-7.203877 1.167900 9.141777
-7.894753 1.865076 9.724557
-8.538330 2.546228 10.185711
-9.130516 3.184812 10.516949
-9.669394 3.758757 10.716968
-10.155876 4.254255 10.791838
-10.593817 4.668531 10.754246
-10.989562 5.008876 10.621380
-11.351084 5.286622 10.411681
-11.686951 5.509781 10.141414
-12.005039 5.680781 9.822561
-12.310785 5.800703 9.462852
-12.605554 5.874167 9.067190
-12.886608 5.909082 8.638811
-13.149584 5.912544 8.179348
-13.392075 5.888901 7.688712
-13.615599 5.842547 7.166114
-13.824570 5.781255 6.612153
-14.023589 5.714727 6.030438
-14.215260 5.649083 5.427629
-14.399780 5.583236 4.812154
-14.576029 5.510912 4.192628
-14.742700 5.426060 3.576919
-14.898243 5.326731 2.972182
-15.040754 5.214947 2.384842
-15.169936 5.093916 1.819192
-15.289480 4.964985 1.275725
-15.404662 4.825182 0.752383
-15.514974 4.665663 0.248878
-15.610255 4.472633 -0.230782
-15.676622 4.231515 -0.681248
-15.705725 3.931172 -1.100711
-15.695707 3.563882 -1.491204
-15.642902 3.121591 -1.853728
-15.534567 2.593579 -2.183948
-15.350267 1.968858 -2.472733
-15.068923 1.241207 -2.709966
-14.674443 0.412865 -2.887781
-14.157111 -0.504747 -3.001654
-13.512360 -1.492467 -3.050164
-12.739010 -2.525780 -3.034483
-11.837696 -3.577473 -2.957871
-10.809545 -4.620173 -2.825131
-9.655180 -5.628451 -2.642040
-8.374164 -6.580270 -2.414829
-6.964917 -7.457710 -2.149770
-5.425014 -8.247138 -1.852909
-3.751725 -8.938959 -1.529896
-1.942666 -9.527145 -1.185871
0.003484 -10.008614 -0.825370
2.086215 -10.382505 -0.452239
4.302292 -10.649382 -0.069550
6.644695 -10.810362 0.320422
9.101358 -10.866331 0.716112
11.653776 -10.817374 1.116403
14.275463 -10.662653 1.520056
16.930067 -10.400846 1.924678
19.568893 -10.031043 2.325086
22.128519 -9.553699 2.711367
24.531334 -8.971238 3.067760
26.693365 -8.288404 3.374019
28.541073 -7.512815 3.610049
30.031662 -6.655998 3.762176
31.165340 -5.734214 3.827390
31.980389 -4.768244 3.812405
32.532784 -3.782342 3.727672
32.872341 -2.803685 3.579861
33.028049 -1.862813 3.367190
33.007298 -0.993347 3.080142
32.805115 -0.228743 2.707039
32.416595 0.403690 2.241570
31.846958 0.888113 1.688519
31.115917 1.221341 1.065120
30.255463 1.409539 0.397921
29.302715 1.463218 -0.282616
28.292046 1.393663 -0.947015
27.250118 1.211980 -1.569583
26.195011 0.929955 -2.129182
25.137938 0.561336 -2.608962
24.085493 0.122645 -2.995922
23.041338 -0.366710 -3.280711
22.007151 -0.884915 -3.457646
20.983185 -1.408593 -3.524841
19.968683 -1.913853 -3.484310
18.962193 -2.377405 -3.341982
17.961832 -2.777640 -3.107583
16.965473 -3.095615 -2.794356
15.970853 -3.315912 -2.418620
14.975622 -3.427346 -1.999172
13.977396 -3.423522 -1.556561
12.973799 -3.303217 -1.112264
11.962535 -3.070551 -0.687815
10.941498 -2.734931 -0.303932
9.908916 -2.310725 0.020313
8.863499 -1.816651 0.268218
7.804585 -1.274917 0.426062
6.732261 -0.710142 0.483548
5.647423 -0.148150 0.434086
4.551783 0.385267 0.274920
3.447801 0.865520 0.007088
2.338560 1.270242 -0.364731
1.227587 1.580086 -0.832487
0.118639 1.779290 -1.385085
-0.984542 1.856012 -2.008739
-2.078474 1.802482 -2.687296
-3.160176 1.615037 -3.402449
-4.227339 1.294134 -4.133781
-5.278397 0.844428 -4.858571
-6.312386 0.274982 -5.551376
-7.328558 -0.400391 -6.183526
-8.325710 -1.162765 -6.722803
-9.301329 -1.987913 -7.133767
-10.250738 -2.846595 -7.379179
-11.166533 -3.705539 -7.422876
-12.038516 -4.529197 -7.234060
-12.854258 -5.282069 -6.792480
-13.600160 -5.931139 -6.093503
-14.262694 -6.447926 -5.151825
-14.829478 -6.809745 -4.002691
-15.289898 -7.000128 -2.699985
-15.635284 -7.008682 -1.311266
-15.858821 -6.830827 0.089468
-15.955503 -6.467757 1.429989
-15.922316 -5.926692 2.647533
-15.758652 -5.221132 3.694659
-15.466716 -4.370718 4.542392
-15.051643 -3.400351 5.180354
-14.521111 -2.338552 5.614266
-13.884437 -1.215322 5.861649
-13.151381 -0.059986 5.946837
-12.330950 1.100524 5.896373
-11.430479 2.242681 5.735505
-10.455147 3.346648 5.486094
-9.407893 4.396022 5.165849
-8.289637 5.377288 4.788519
