9.463447 -0.524630 -1.711999
9.548348 -0.680964 -1.471199
9.615818 -0.828620 -1.225183
9.665119 -0.965978 -0.975363
9.695572 -1.091486 -0.723278
9.706560 -1.203668 -0.470563
9.697546 -1.301135 -0.218924
9.668091 -1.382579 0.029867
9.617878 -1.446784 0.273981
9.546747 -1.492629 0.511521
9.454736 -1.519125 0.740535
9.342140 -1.525468 0.959039
9.209576 -1.511130 1.165069
9.058027 -1.475963 1.356750
8.888880 -1.420305 1.532368
8.703873 -1.345056 1.690412
8.505009 -1.251704 1.829600
8.294406 -1.142323 1.948869
8.074146 -1.019525 2.047356
7.846162 -0.886398 2.124378
7.612175 -0.746415 2.179413
7.373692 -0.603329 2.212106
7.132041 -0.461048 2.222288
6.888418 -0.323517 2.210026
6.643955 -0.194573 2.175694
6.399771 -0.077811 2.120054
6.157008 0.023549 2.044326
5.916831 0.106781 1.950203
5.680390 0.169748 1.839830
5.448752 0.210988 1.715718
5.222887 0.230043 1.580924
5.004008 0.229183 1.440720
4.793966 0.217413 1.306212
4.593980 0.212215 1.194506
4.401503 0.230229 1.117854
4.209718 0.270730 1.069273
4.012169 0.313751 1.025050
3.806286 0.340868 0.964810
3.591629 0.353161 0.884684
3.368785 0.365040 0.792955
3.141026 0.388605 0.701823
2.912290 0.428482 0.622160
2.682587 0.483184 0.557084
2.448583 0.545731 0.499044
2.208056 0.607731 0.436683
1.961370 0.666179 0.363992
1.709855 0.724796 0.282007
1.454757 0.789399 0.194772
1.197315 0.863660 0.105859
0.938835 0.947915 0.017239
0.680530 1.039563 -0.070700
0.423326 1.133996 -0.158683
0.167704 1.225949 -0.247731
-0.086417 1.311077 -0.338132
-0.339692 1.387184 -0.428622
-0.593255 1.454419 -0.516246
-0.848448 1.513853 -0.597279
-1.106429 1.564594 -0.669150
-1.367780 1.601180 -0.732371
-1.632479 1.614954 -0.790149
-1.900586 1.601974 -0.843734
-2.173154 1.571889 -0.886523
-2.452054 1.545205 -0.905019
-2.738273 1.536870 -0.888791
-3.030442 1.543435 -0.838935
-3.325294 1.548179 -0.765346
-3.619249 1.535381 -0.677794
-3.909368 1.497467 -0.581242
-4.193313 1.432986 -0.477011
-4.469115 1.342927 -0.365096
-4.735106 1.229119 -0.245168
-4.989958 1.093900 -0.116754
-5.232695 0.940006 0.020721
-5.462646 0.770449 0.167876
-5.679367 0.588427 0.325286
-5.882521 0.397265 0.493342
-6.071742 0.200386 0.672083
-6.246512 0.001298 0.861014
-6.406102 -0.196493 1.059045
-6.549618 -0.389693 1.264627
-6.676156 -0.575576 1.476146
-6.784979 -0.752407 1.692484
-6.875631 -0.919725 1.913473
-6.947872 -1.078317 2.139986
-7.001468 -1.229793 2.373499
-7.035944 -1.375926 2.615290
-7.050449 -1.518019 2.865598
-7.043824 -1.656578 3.123153
-7.014819 -1.791351 3.385234
-6.962375 -1.921625 3.648172
-6.885831 -2.046593 3.908020
-6.785015 -2.165592 4.161112
-6.660221 -2.278207 4.404377
-6.512118 -2.384241 4.635438
-6.341639 -2.483644 4.852569
-6.149879 -2.576443 5.054611
-5.938025 -2.662702 5.240891
-5.707301 -2.742502 5.411143
-5.458930 -2.815928 5.565440
-5.194115 -2.883074 5.704126
-4.914026 -2.944036 5.827757
-4.619798 -2.998911 5.937038
-4.312538 -3.047800 6.032781
-3.993326 -3.090795 6.115845
-3.663228 -3.127986 6.187108
-3.323295 -3.159452 6.247431
-2.974562 -3.185258 6.297627
-2.618046 -3.205456 6.338448
-2.254742 -3.220087 6.370566
-1.885625 -3.229177 6.394582
-1.511646 -3.232750 6.411024
-1.133736 -3.230825 6.420362
-0.752803 -3.223425 6.423015
-0.369737 -3.210575 6.419362
0.014595 -3.192308 6.409746
0.399345 -3.168662 6.394482
0.783688 -3.139675 6.373857
1.166822 -3.105389 6.348131
1.547967 -3.065834 6.317536
1.926372 -3.021030 6.282273
2.301312 -2.970977 6.242511
2.672099 -2.915648 6.198381
3.038077 -2.854979 6.149974
3.398639 -2.788869 6.097336
3.753224 -2.717177 6.040469
4.101333 -2.639722 5.979332
4.442530 -2.556294 5.913834
4.776449 -2.466662 5.843843
5.102798 -2.370589 5.769187
5.421350 -2.267851 5.689656
5.731933 -2.158256 5.605006
6.034417 -2.041671 5.514965
6.328694 -1.918045 5.419237
6.614653 -1.787435 5.317510
6.892152 -1.650029 5.209460
7.160995 -1.506171 5.094759
7.420902 -1.356370 4.973089
7.671495 -1.201308 4.844144
7.912277 -1.041831 4.707647
8.142624 -0.878948 4.563365
8.361788 -0.713804 4.411121
8.568892 -0.547669 4.250814
8.762960 -0.381909 4.082438
8.942936 -0.217954 3.906099
9.107712 -0.057270 3.722024
9.256164 0.098679 3.530566
9.387186 0.248462 3.332201
9.499716 0.390703 3.127524
9.592756 0.524092 2.917244
9.665384 0.647366 2.702178
9.716753 0.759290 2.483256
9.746121 0.858626 2.261532
9.752908 0.944117 2.038204
9.736778 1.014484 1.814647
9.697752 1.068443 1.592436
9.636294 1.104744 1.373361
9.553379 1.122224 1.159405
9.450475 1.119879 0.952683
9.329487 1.096947 0.755351
9.192661 1.052988 0.569512
9.042470 0.987951 0.397130
8.881479 0.902219 0.239974
8.712224 0.796636 0.099595
8.537096 0.672509 -0.022678
8.358241 0.531593 -0.125704
8.177491 0.376051 -0.208489
7.996315 0.208403 -0.270132
7.815802 0.031453 -0.309803
7.636659 -0.151775 -0.326745
7.459256 -0.338117 -0.320335
7.283666 -0.524344 -0.290180
7.109720 -0.707248 -0.236226
6.937041 -0.883708 -0.158857
6.765069 -1.050763 -0.058966
6.593071 -1.205676 0.062006
6.420154 -1.345977 0.202072
6.245299 -1.469495 0.358736
6.067411 -1.574364 0.529072
5.885392 -1.659020 0.709834
5.698227 -1.722202 0.897579
5.505063 -1.762956 1.088790
5.305274 -1.780665 1.279986
5.098507 -1.775090 1.467827
4.884706 -1.746408 1.649206
4.664095 -1.695242 1.821320
4.437123 -1.622666 1.981732
4.204387 -1.530197 2.128406
3.966537 -1.419751 2.259735
3.724195 -1.293602 2.374530
3.477887 -1.154309 2.471990
3.227995 -1.004649 2.551648
2.974741 -0.847543 2.613301
2.718195 -0.686004 2.656944
2.458313 -0.523094 2.682696
2.195000 -0.361900 2.690740
1.928184 -0.205510 2.681286
1.657896 -0.056997 2.654552
1.384348 0.080618 2.610777
1.107993 0.204409 2.550262
0.829568 0.311615 2.473411
0.550105 0.399737 2.380774
0.270902 0.466658 2.273079
-0.006542 0.510777 2.151240
-0.280613 0.531144 2.016345
-0.549684 0.527562 1.869611
-0.812221 0.500642 1.712316
-1.066884 0.451826 1.545709
-1.312608 0.383356 1.370925
-1.548650 0.298214 1.188921
-1.774581 0.200019 1.000448
-1.990247 0.092892 0.806059
-2.195696 -0.018685 0.606140
-2.391086 -0.130024 0.400976
-2.576583 -0.236389 0.190829
-2.752267 -0.333153 -0.023976
-2.918056 -0.415979 -0.242980
-3.073676 -0.481007 -0.465553
-3.218669 -0.525046 -0.690896
-3.352448 -0.545763 -0.918083
-3.474370 -0.541823 -1.146134
-3.583801 -0.512942 -1.374102
-3.680182 -0.459838 -1.601161
-3.763071 -0.384100 -1.826695
-3.832177 -0.288015 -2.050361
-3.887372 -0.174391 -2.272111
-3.928692 -0.046403 -2.492173
-3.956324 0.092546 -2.710987
-3.970582 0.238933 -2.929121
-3.971879 0.389215 -3.147174
-3.960690 0.539921 -3.365680
-3.937516 0.687734 -3.585024
-3.902853 0.829579 -3.805372
-3.857186 0.962697 -4.026632
-3.800990 1.084717 -4.248459
-3.734740 1.193699 -4.470269
-3.658926 1.288161 -4.691285
-3.574031 1.367047 -4.910585
-3.480509 1.429665 -5.127156
-3.378731 1.475588 -5.339937
-3.268952 1.504575 -5.547872
-3.151294 1.516521 -5.749950
-3.025777 1.511475 -5.945250
-2.892371 1.489679 -6.132958
-2.751049 1.451623 -6.312375
-2.601840 1.398052 -6.482889
-2.444844 1.329926 -6.643919
-2.280231 1.248345 -6.794839
-2.108228 1.154463 -6.934910
-1.929106 1.049443 -7.063252
-1.743180 0.934453 -7.178859
-1.550802 0.810708 -7.280646
-1.352366 0.679515 -7.367527
-1.148309 0.542322 -7.438468
-0.939090 0.400725 -7.492544
-0.725184 0.256454 -7.528957
-0.507065 0.111346 -7.547054
-0.285206 -0.032679 -7.546317
-0.060104 -0.173645 -7.526360
0.167694 -0.309534 -7.486921
0.397551 -0.438303 -7.427858
0.628694 -0.557909 -7.349170
0.860186 -0.666344 -7.251018
1.090896 -0.761683 -7.133773
1.319482 -0.842134 -6.998047
1.544400 -0.906090 -6.844722
1.763913 -0.952177 -6.674943
1.976130 -0.979288 -6.490103
2.179058 -0.986632 -6.291809
2.370659 -0.973760 -6.081845
2.548927 -0.940599 -5.862130
2.711964 -0.887476 -5.634671
2.858060 -0.815137 -5.401515
2.985759 -0.724747 -5.164685
3.093909 -0.617890 -4.926110
3.181700 -0.496535 -4.687548
3.248676 -0.363019 -4.450514
3.294730 -0.220022 -4.216235
3.320065 -0.070584 -3.985670
3.325135 0.081823 -3.759626
3.310567 0.233130 -3.538997
3.277076 0.378458 -3.325087
3.225393 0.512006 -3.119863
3.156253 0.627263 -2.925864
3.070445 0.717765 -2.745543
2.968946 0.778344 -2.580067
2.853079 0.806478 -2.428042
2.724610 0.803064 -2.284899
2.585702 0.772049 -2.143527
2.438715 0.718942 -1.996117
2.285924 0.648807 -1.836481
2.129264 0.564714 -1.661776
1.970198 0.467289 -1.472913
1.809724 0.355419 -1.273639
1.648479 0.227572 -1.068891
1.486851 0.083123 -0.863137
1.325075 -0.076750 -0.659212
1.163278 -0.248688 -0.457735
1.001512 -0.427264 -0.257095
0.839735 -0.605570 -0.053986
0.677758 -0.776311 0.155471
0.515155 -0.933301 0.374102
0.351180 -1.072952 0.602050
0.184755 -1.195103 0.835850
0.014597 -1.302693 1.068845
-0.160551 -1.400253 1.292936
-0.341645 -1.491896 1.500936
-0.529145 -1.579733 1.688458
-0.722970 -1.663358 1.854555
-0.922603 -1.740444 2.001065
-1.127277 -1.807889 2.131254
-1.336162 -1.862884 2.248503
-1.548486 -1.903503 2.355515
-1.763574 -1.928788 2.454103
-1.980838 -1.938532 2.545341
-2.199726 -1.932986 2.629839
-2.419696 -1.912630 2.707966
-2.640204 -1.878031 2.779987
-2.860728 -1.829776 2.846131
-3.080816 -1.768454 2.906616
-3.300134 -1.694644 2.961657
-3.518491 -1.608924 3.011451
-3.735851 -1.511880 3.056167
-3.952307 -1.404128 3.095920
-4.168051 -1.286338 3.130741
-4.383338 -1.159276 3.160560
-4.598452 -1.023845 3.185185
-4.813670 -0.881134 3.204292
-5.029227 -0.732444 3.217418
-5.245281 -0.579288 3.223962
-5.461862 -0.423353 3.223194
-5.678833 -0.266424 3.214267
-5.895852 -0.110306 3.196255
-6.112374 0.043262 3.168196
-6.327668 0.192680 3.129159
-6.540864 0.336538 3.078313
-6.751012 0.473647 3.014985
-6.957139 0.603034 2.938697
-7.158289 0.723919 2.849156
-7.353555 0.835663 2.746233
-7.542098 0.937719 2.629930
-7.723145 1.029585 2.500360
-7.895982 1.110785 2.357753
-8.059940 1.180863 2.202472
-8.214379 1.239387 2.035030
-8.358692 1.285974 1.856081
-8.492312 1.320306 1.666384
-8.614733 1.342152 1.466748
-8.725523 1.351385 1.257966
-8.824326 1.347978 1.040773
-8.910835 1.332003 0.815828
-8.984772 1.303605 0.583724
-9.045835 1.262997 0.345010
-9.093699 1.210453 0.100228
-9.128000 1.146331 -0.150052
-9.148353 1.071093 -0.405200
-9.154369 0.985337 -0.664500
-9.145668 0.889808 -0.927138
-9.121872 0.785395 -1.192193
-9.082598 0.673106 -1.458649
-9.027439 0.554051 -1.725404
-8.955969 0.429409 -1.991280
-8.867741 0.300424 -2.255035
-8.762312 0.168395 -2.515371
-8.639277 0.034678 -2.770943
-8.498299 -0.099311 -3.020372
-8.339149 -0.232096 -3.262262
-8.161745 -0.362147 -3.495224
-7.966188 -0.487891 -3.717898
-7.752793 -0.607729 -3.928996
-7.522110 -0.720060 -4.127333
-7.274935 -0.823317 -4.311872
-7.012319 -0.916008 -4.481759
-6.735548 -0.996748 -4.636355
-6.446115 -1.064303 -4.775256
-6.145680 -1.117624 -4.898298
-5.836021 -1.155874 -5.005556
-5.518978 -1.178441 -5.097332
-5.196405 -1.184940 -5.174137
-4.870121 -1.175204 -5.236666
-4.541861 -1.149260 -5.285775
-4.213244 -1.107318 -5.322466
-3.885738 -1.049746 -5.347868
-3.560629 -0.977059 -5.363238
-3.239002 -0.889915 -5.369940
-2.921709 -0.789122 -5.369433
-2.609349 -0.675651 -5.363236
-2.302251 -0.550658 -5.352888
-2.000456 -0.415490 -5.339888
-1.703731 -0.271693 -5.325638
-1.411590 -0.120977 -5.311377
-1.123344 0.034826 -5.298111
-0.838157 0.193819 -5.286570
-0.555117 0.354110 -5.277177
-0.273306 0.513878 -5.270049
0.008124 0.671432 -5.265025
0.289897 0.825256 -5.261707
0.572565 0.974034 -5.259510
0.856493 1.116642 -5.257708
1.141859 1.252125 -5.255486
1.428669 1.379663 -5.251980
1.716780 1.498540 -5.246326
2.005924 1.608129 -5.237695
2.295741 1.707883 -5.225322
2.585801 1.797328 -5.208540
2.875638 1.876067 -5.186799
3.164771 1.943772 -5.159670
3.452727 2.000180 -5.126851
3.739063 2.045082 -5.088158
4.023374 2.078311 -5.043510
4.305296 2.099736 -4.992915
4.584504 2.109249 -4.936440
4.860703 2.106755 -4.874188
5.133625 2.092174 -4.806261
5.403022 2.065438 -4.732737
5.668666 2.026498 -4.653633
5.930338 1.975333 -4.568889
6.187822 1.911958 -4.478346
6.440881 1.836437 -4.381747
6.689246 1.748900 -4.278749
6.932586 1.649556 -4.168935
7.170502 1.538718 -4.051837
7.402519 1.416833 -3.926965
7.628086 1.284503 -3.793834
7.846578 1.142513 -3.651986
8.057304 0.991833 -3.501015
8.259510 0.833616 -3.340585
8.452374 0.669176 -3.170442
8.635016 0.499956 -2.990427
8.806513 0.327506 -2.800500
8.965904 0.153454 -2.600762
9.112227 -0.020514 -2.391480
9.244531 -0.192677 -2.173115
9.361897 -0.361295 -1.946330
