2.666864 0.282813 1.609772
2.373019 0.418094 1.880547
2.063607 0.545487 2.129949
1.738873 0.657172 2.356218
1.399157 0.745596 2.557919
1.044925 0.805614 2.734134
0.676805 0.836003 2.884599
0.295624 0.839369 3.009655
-0.097479 0.820540 3.109975
-0.500784 0.784726 3.186125
-0.911599 0.736813 3.238163
-1.325922 0.681987 3.265526
-1.738465 0.626546 3.267312
-2.143183 0.577576 3.242853
-2.534259 0.541281 3.192229
-2.907187 0.521136 3.116369
-3.259523 0.517280 3.016622
-3.590982 0.527688 2.893987
-3.902825 0.550317 2.748453
-4.196773 0.584794 2.578869
-4.473925 0.632553 2.383492
-4.734122 0.695387 2.160974
-4.975967 0.773363 1.911333
-5.197319 0.863337 1.636433
-5.395892 0.958731 1.339756
-5.569616 1.050358 1.025578
-5.716673 1.127644 0.697963
-5.835355 1.179894 0.360005
-5.923948 1.197748 0.013612
-5.980761 1.174976 -0.340198
-6.004265 1.110119 -0.700741
-5.993305 1.007062 -1.067184
-5.947289 0.873953 -1.438290
-5.866303 0.720866 -1.812431
-5.751123 0.557345 -2.187754
-5.603111 0.390820 -2.562370
-5.424053 0.226211 -2.934492
-5.215979 0.066369 -3.302509
-4.981020 -0.087218 -3.665008
-4.721310 -0.233815 -4.020756
-4.438924 -0.373082 -4.368684
-4.135849 -0.504888 -4.707851
-3.813968 -0.629239 -5.037404
-3.475045 -0.746249 -5.356540
-3.120721 -0.856127 -5.664477
-2.752513 -0.959153 -5.960431
-2.371826 -1.055657 -6.243610
-1.979964 -1.145985 -6.513222
-1.578150 -1.230471 -6.768489
-1.167541 -1.309407 -7.008664
-0.749248 -1.383039 -7.233044
-0.324345 -1.451554 -7.440981
0.106115 -1.515090 -7.631889
0.541092 -1.573737 -7.805245
0.979556 -1.627541 -7.960579
1.420473 -1.676507 -8.097466
1.862805 -1.720597 -8.215511
2.305497 -1.759726 -8.314341
2.747467 -1.793751 -8.393578
3.187584 -1.822466 -8.452843
3.624660 -1.845586 -8.491742
4.057416 -1.862737 -8.509869
4.484463 -1.873444 -8.506804
4.904269 -1.877121 -8.482140
5.315136 -1.873073 -8.435505
5.715171 -1.860491 -8.366597
6.102265 -1.838471 -8.275241
6.474089 -1.806032 -8.161442
6.828092 -1.762157 -8.025459
7.161542 -1.705833 -7.867880
7.471581 -1.636117 -7.689677
7.755313 -1.552199 -7.492277
8.009928 -1.453470 -7.277581
8.232835 -1.339582 -7.047970
8.421829 -1.210492 -6.806252
8.575239 -1.066500 -6.555585
8.692061 -0.908256 -6.299353
8.772032 -0.736765 -6.041035
8.815622 -0.553377 -5.784070
8.823957 -0.359784 -5.531727
8.798652 -0.158045 -5.287007
8.741579 0.049351 -5.052609
8.654611 0.259403 -4.830929
8.539366 0.468511 -4.624089
8.397086 0.672484 -4.433947
8.228684 0.866659 -4.262025
8.034988 1.046184 -4.109396
7.817100 1.206396 -3.976522
7.576737 1.343209 -3.863141
7.316397 1.453419 -3.768271
7.039298 1.534871 -3.690361
6.749111 1.586495 -3.627532
6.449599 1.608250 -3.577849
6.144277 1.601037 -3.539516
5.836158 1.566585 -3.510952
5.527604 1.507364 -3.490770
5.220281 1.426492 -3.477686
4.915166 1.327656 -3.470426
4.612625 1.215026 -3.467653
4.312514 1.093165 -3.467943
4.014321 0.966909 -3.469778
3.717325 0.841236 -3.471567
3.420790 0.721108 -3.471678
3.124148 0.611288 -3.468476
2.827167 0.516171 -3.460375
2.530064 0.439619 -3.445894
2.233543 0.384842 -3.423729
1.938775 0.354286 -3.392820
1.647302 0.349568 -3.352409
1.360904 0.371425 -3.302064
1.081418 0.419694 -3.241674
0.810555 0.493329 -3.171408
0.549724 0.590450 -3.091654
0.299906 0.708438 -3.002949
0.061591 0.844075 -2.905904
-0.165222 0.993715 -2.801127
-0.380967 1.153481 -2.689162
-0.586395 1.319503 -2.570432
-0.782380 1.488278 -2.445223
-0.969661 1.657239 -2.313714
-1.148525 1.825531 -2.176065
-1.318529 1.994744 -2.032557
-1.478400 2.169086 -1.883727
-1.626263 2.354384 -1.730420
-1.760231 2.555731 -1.573683
-1.879187 2.774418 -1.414529
-1.983414 3.005521 -1.253653
-2.074763 3.237522 -1.091236
-2.156225 3.454457 -0.926956
-2.231126 3.639784 -0.760164
-2.302304 3.780341 -0.590151
-2.371578 3.868921 -0.416369
-2.439636 3.904876 -0.238530
-2.506229 3.893054 -0.056569
-2.570520 3.841908 0.129486
-2.631438 3.761527 0.319681
-2.687942 3.662057 0.514286
-2.739215 3.552665 0.713877
-2.784762 3.440981 0.919343
-2.824462 3.332900 1.131803
-2.858581 3.232587 1.352457
-2.887760 3.142582 1.582410
-2.912999 3.063915 1.822511
-2.935622 2.996230 2.073230
-2.957234 2.937943 2.334609
-2.979638 2.886499 2.606270
-3.004725 2.838755 2.887465
-3.034326 2.791497 3.177137
-3.070048 2.741990 3.473982
-3.113138 2.688421 3.776492
-3.164401 2.630084 4.083009
-3.224211 2.567176 4.391775
-3.292606 2.500263 4.701013
-3.369455 2.429562 5.009019
-3.454652 2.354352 5.314232
-3.548297 2.272799 5.615258
-3.650850 2.182370 5.910791
-3.763226 2.080713 6.199423
-3.886829 1.966606 6.479400
-4.023455 1.840492 6.748402
-4.175046 1.704238 7.003494
-4.343309 1.560224 7.241289
-4.529328 1.410268 7.458310
-4.733302 1.255010 7.651397
-4.954536 1.094071 7.818018
-5.191656 0.926837 7.956372
-5.442918 0.753370 8.065299
-5.706474 0.574989 8.144081
-5.980505 0.394331 8.192225
-6.263198 0.215008 8.209323
-6.552646 0.041107 8.194983
-6.846721 -0.123295 8.148867
-7.142983 -0.274491 8.070765
-7.438647 -0.409380 7.960721
-7.730638 -0.525589 7.819124
-8.015725 -0.621512 7.646796
-8.290728 -0.696276 7.445034
-8.552720 -0.749663 7.215612
-8.799221 -0.782005 6.960735
-9.028323 -0.794063 6.682949
-9.238736 -0.786889 6.385016
-9.429768 -0.761714 6.069778
-9.601208 -0.719837 5.740019
-9.753160 -0.662560 5.398355
-9.885837 -0.591132 5.047146
-9.999382 -0.506737 4.688439
-10.093778 -0.410489 4.323958
-10.168835 -0.303457 3.955122
-10.224271 -0.186693 3.583097
-10.259816 -0.061254 3.208858
-10.275310 0.071793 2.833255
-10.270746 0.211387 2.457059
-10.246284 0.356496 2.081005
-10.202215 0.506153 1.705817
-10.138923 0.659466 1.332219
-10.056840 0.815614 0.960938
-9.956426 0.973826 0.592701
-9.838136 1.133350 0.228228
-9.702428 1.293435 -0.131777
-9.549766 1.453320 -0.486633
-9.380637 1.612234 -0.835680
-9.195565 1.769412 -1.178279
-8.995120 1.924103 -1.513809
-8.779909 2.075583 -1.841652
-8.550579 2.223157 -2.161191
-8.307797 2.366167 -2.471801
-8.052258 2.503998 -2.772850
-7.784681 2.636082 -3.063709
-7.505832 2.761911 -3.343761
-7.216529 2.881039 -3.612409
-6.917653 2.993092 -3.869068
-6.610130 3.097770 -4.113153
-6.294925 3.194844 -4.344054
-5.973017 3.284150 -4.561122
-5.645390 3.365579 -4.763669
-5.313034 3.439058 -4.950985
-4.976950 3.504538 -5.122367
-4.638156 3.561975 -5.277135
-4.297690 3.611323 -5.414633
-3.956610 3.652522 -5.534196
-3.615973 3.685502 -5.635111
-3.276844 3.710180 -5.716582
-2.940295 3.726448 -5.777740
-2.607432 3.734167 -5.817695
-2.279432 3.733144 -5.835616
-1.957573 3.723124 -5.830830
-1.643271 3.703778 -5.802881
-1.338077 3.674714 -5.751570
-1.043671 3.635492 -5.676943
-0.761822 3.585660 -5.579277
-0.494319 3.524794 -5.459058
-0.242894 3.452551 -5.316981
-0.009116 3.368718 -5.153954
0.205698 3.273240 -4.971104
0.400569 3.166230 -4.769777
0.574901 3.047950 -4.551511
0.728506 2.918765 -4.318002
0.861590 2.779110 -4.071050
0.974706 2.629461 -3.812506
1.068688 2.470346 -3.544212
1.144560 2.302372 -3.267945
1.203446 2.126274 -2.985353
1.246509 1.942964 -2.697894
1.274897 1.753568 -2.406771
1.289717 1.559449 -2.112882
1.292022 1.362192 -1.816794
1.282782 1.163560 -1.518757
1.262855 0.965401 -1.218765
1.232952 0.769547 -0.916649
1.193590 0.577702 -0.612189
1.145061 0.391372 -0.305216
1.087411 0.211816 0.004300
1.020431 0.040053 0.316190
0.943665 -0.123128 0.630044
0.856430 -0.277133 0.945191
0.757850 -0.421542 1.260694
0.646902 -0.556084 1.575363
0.522477 -0.680616 1.887777
0.383451 -0.795097 2.196325
0.228766 -0.899560 2.499261
0.057512 -0.994075 2.794761
-0.130993 -1.078711 3.080998
-0.337140 -1.153502 3.356208
-0.560990 -1.218415 3.618763
-0.802256 -1.273328 3.867232
-1.060300 -1.318013 4.100444
-1.334159 -1.352138 4.317532
-1.622572 -1.375273 4.517969
-1.924030 -1.386914 4.701596
-2.236825 -1.386512 4.868633
-2.559103 -1.373515 5.019684
-2.888915 -1.347401 5.155723
-3.224268 -1.307725 5.278083
-3.563169 -1.254158 5.388424
-3.903655 -1.186516 5.488707
-4.243824 -1.104790 5.581150
-4.581851 -1.009163 5.668192
-4.915990 -0.900033 5.752446
-5.244575 -0.778028 5.836648
-5.565998 -0.644039 5.923604
-5.878683 -0.499232 6.016139
-6.181047 -0.345084 6.117020
-6.471453 -0.183384 6.228886
-6.748158 -0.016246 6.354157
-7.009261 0.153913 6.494939
-7.252665 0.324405 6.652916
-7.476051 0.492322 6.829252
-7.676900 0.654616 7.024487
-7.852520 0.808190 7.238456
-8.000140 0.949998 7.470219
-8.117023 1.077151 7.718025
-8.200608 1.187013 7.979309
-8.248687 1.277291 8.250739
-8.259561 1.346123 8.528307
-8.232165 1.392157 8.807469
-8.166154 1.414613 9.083343
-8.061923 1.413336 9.350929
-7.920586 1.388806 9.605354
-7.743905 1.342125 9.842091
-7.534178 1.274949 10.057144
-7.294095 1.189382 10.247198
-7.026585 1.087860 10.409700
-6.734675 0.973015 10.542902
-6.421365 0.847551 10.645823
-6.089519 0.714135 10.718179
-5.741790 0.575300 10.760272
-5.380580 0.433373 10.772881
-5.008009 0.290436 10.757135
-4.625924 0.148299 10.714413
-4.235913 0.008504 10.646238
-3.839335 -0.127674 10.554199
-3.437347 -0.259194 10.439890
-3.030940 -0.385230 10.304861
-2.620970 -0.505135 10.150580
-2.208186 -0.618416 9.978425
-1.793255 -0.724698 9.789660
-1.376782 -0.823707 9.585440
-0.959329 -0.915242 9.366812
-0.541426 -0.999164 9.134723
-0.123581 -1.075377 8.890030
0.293709 -1.143823 8.633506
0.709960 -1.204475 8.365855
1.124687 -1.257333 8.087721
1.537412 -1.302425 7.799691
1.947654 -1.339809 7.502312
2.354934 -1.369575 7.196090
2.758768 -1.391848 6.881498
3.158674 -1.406790 6.558985
3.554166 -1.414600 6.228970
3.944757 -1.415509 5.891858
4.329956 -1.409771 5.548035
4.709274 -1.397640 5.197878
5.082217 -1.379352 4.841758
5.448288 -1.355083 4.480049
5.806982 -1.324921 4.113133
6.157784 -1.288820 3.741410
6.500163 -1.246582 3.365299
6.833560 -1.197839 2.985245
7.157381 -1.142084 2.601712
7.470982 -1.078722 2.215177
7.773658 -1.007150 1.826117
8.064635 -0.926842 1.434994
8.343065 -0.837415 1.042253
8.608022 -0.738669 0.648316
8.858500 -0.630608 0.253589
9.093421 -0.513438 -0.141531
9.311631 -0.387561 -0.536643
9.511886 -0.253571 -0.931332
9.692846 -0.112255 -1.325150
9.853070 0.035397 -1.717599
9.991015 0.188169 -2.108101
10.105056 0.344596 -2.495966
10.193519 0.502929 -2.880346
10.254754 0.661106 -3.260198
10.287234 0.816738 -3.634243
10.289674 0.967104 -4.000934
10.261186 1.109188 -4.358429
10.201423 1.239722 -4.704587
10.110707 1.355282 -5.036962
9.990109 1.452411 -5.352823
9.841495 1.527778 -5.649197
9.667500 1.578376 -5.922926
9.471467 1.601736 -6.170766
9.257297 1.596154 -6.389493
9.029271 1.560893 -6.576060
8.791816 1.496342 -6.727743
8.549256 1.404076 -6.842305
8.305579 1.286801 -6.918139
8.064213 1.148200 -6.954376
7.827888 0.992687 -6.950938
7.598598 0.825124 -6.908519
7.377667 0.650498 -6.828475
7.165903 0.473622 -6.712659
6.963763 0.298874 -6.563242
6.771485 0.130034 -6.382550
6.589155 -0.029782 -6.172964
6.416699 -0.178097 -5.936855
6.253854 -0.313007 -5.676565
6.100111 -0.433090 -5.394401
5.954687 -0.537336 -5.092635
5.816519 -0.625082 -4.773515
5.684272 -0.695969 -4.439254
5.556371 -0.749899 -4.092037
5.431040 -0.787001 -3.734010
5.306356 -0.807582 -3.367278
5.180309 -0.812095 -2.993900
5.050864 -0.801091 -2.615880
4.916025 -0.775195 -2.235167
4.773900 -0.735071 -1.853651
4.622746 -0.681405 -1.473167
4.461014 -0.614891 -1.095509
4.287354 -0.536229 -0.722439
4.100627 -0.446131 -0.355717
3.899894 -0.345336 0.002887
3.684414 -0.234633 0.351573
3.453639 -0.114933 0.688502
3.207213 0.012578 1.011796
2.944961 0.146122 1.319535
