9.733399 -10.741684 -2.052967
10.052231 -10.596956 -2.009515
10.400529 -10.419338 -1.960732
10.762262 -10.219211 -1.902930
11.123590 -10.010251 -1.832013
11.480111 -9.808880 -1.747711
11.835613 -9.630415 -1.654502
12.194902 -9.484539 -1.557012
12.557654 -9.373987 -1.454426
12.918070 -9.296234 -1.340491
13.268837 -9.245357 -1.209520
13.604877 -9.213346 -1.061813
13.924275 -9.191909 -0.902985
14.226851 -9.174355 -0.738599
14.511968 -9.156256 -0.569971
14.777430 -9.135194 -0.394838
15.020999 -9.110501 -0.211095
15.244568 -9.082516 -0.018592
15.458181 -9.050786 0.183255
15.679201 -9.012217 0.398443
15.925309 -8.959984 0.632480
16.206688 -8.883402 0.885886
16.523537 -8.770367 1.150568
16.867367 -8.614410 1.415127
17.220497 -8.423228 1.674977
17.555946 -8.220617 1.936116
17.845882 -8.037200 2.207374
18.077517 -7.894922 2.488768
18.262068 -7.796359 2.767841
18.426201 -7.726647 3.027080
18.593380 -7.665998 3.254660
18.772408 -7.602479 3.449806
18.961140 -7.535881 3.621298
19.157290 -7.472386 3.782893
19.363186 -7.416900 3.948085
19.580761 -7.368674 4.124437
19.804787 -7.320827 4.309962
20.023161 -7.262626 4.496137
20.223942 -7.184339 4.677186
20.401541 -7.082581 4.857223
20.557232 -6.961302 5.047521
20.695869 -6.826722 5.257157
20.822996 -6.681299 5.487848
20.943226 -6.522343 5.737519
21.058762 -6.345213 6.005537
21.168503 -6.148336 6.291856
21.269917 -5.937856 6.592550
21.363396 -5.727463 6.899858
21.454750 -5.529281 7.208058
21.552000 -5.341891 7.517600
21.658882 -5.149664 7.831499
21.771976 -4.936501 8.148596
21.884254 -4.698446 8.463710
21.989777 -4.441102 8.776300
22.083115 -4.168375 9.096343
22.155224 -3.879028 9.436779
22.193325 -3.574044 9.797646
22.187332 -3.262951 10.158846
22.136648 -2.960240 10.491300
22.051376 -2.675779 10.777653
21.948830 -2.408882 11.024068
21.849098 -2.151150 11.253380
21.770117 -1.895098 11.487442
21.721756 -1.641050 11.734483
21.702190 -1.397017 11.989546
21.700508 -1.172534 12.243045
21.703869 -0.971260 12.488123
21.702488 -0.786738 12.722962
21.688730 -0.603995 12.950442
21.653843 -0.407070 13.177770
21.588192 -0.188565 13.415099
21.485882 0.045611 13.670970
21.349308 0.280710 13.945872
21.188885 0.503900 14.229239
21.017477 0.712714 14.504007
20.843641 0.915147 14.756516
20.669525 1.124142 14.984129
20.495522 1.353031 15.194475
20.326548 1.613197 15.397864
20.172318 1.910701 15.600471
20.041294 2.242449 15.803143
19.935863 2.596308 16.003042
19.853470 2.955951 16.193954
19.790310 3.306619 16.367271
19.742924 3.639244 16.517170
19.707823 3.952314 16.645622
19.680576 4.249514 16.760174
19.653534 4.532813 16.867353
19.613064 4.797065 16.972065
19.540562 5.033353 17.083536
19.419212 5.239120 17.215721
19.241831 5.424468 17.376064
19.014221 5.607493 17.554171
18.753704 5.803084 17.724743
18.484951 6.016032 17.862434
18.232988 6.244069 17.954449
18.013350 6.486057 18.003220
17.824648 6.745857 18.022648
17.651045 7.027375 18.031948
17.474962 7.325418 18.048138
17.290359 7.621938 18.080257
17.105438 7.893404 18.130123
16.932463 8.125165 18.198580
16.773258 8.321847 18.289177
16.613010 8.505944 18.404243
16.429173 8.706076 18.538433
16.208858 8.942910 18.678860
15.958437 9.220376 18.812414
15.695346 9.525617 18.931479
15.430790 9.836436 19.032318
15.161733 10.131554 19.111626
14.879471 10.398477 19.169231
14.583321 10.636537 19.214684
14.283470 10.855283 19.266790
13.990904 11.068973 19.341261
13.707077 11.288715 19.436098
13.425228 11.516581 19.530441
13.141261 11.746255 19.601452
12.861578 11.969604 19.645306
12.598951 12.183095 19.682011
12.359770 12.389304 19.738438
12.134708 12.594367 19.824968
11.902826 12.804452 19.926693
11.647515 13.022208 20.015095
11.370722 13.243478 20.068432
11.091558 13.456989 20.084553
10.829356 13.649304 20.078550
10.586468 13.811898 20.069435
10.346363 13.944582 20.067303
10.087365 14.054169 20.070963
9.798122 14.151708 20.076132
9.482119 14.249324 20.083866
9.151289 14.355180 20.099379
8.817871 14.468509 20.123375
8.490846 14.579924 20.147196
8.175685 14.677763 20.158047
7.873987 14.754419 20.148298
7.583545 14.807298 20.118441
7.300795 14.835935 20.071178
7.023489 14.840346 20.004177
6.749917 14.822237 19.909870
6.476320 14.786413 19.782074
6.197724 14.740074 19.621780
5.911982 14.690401 19.436909
5.620818 14.641325 19.237709
5.325207 14.589619 19.031647
5.020887 14.522654 18.819212
4.700785 14.423181 18.591877
4.362713 14.282411 18.334135
4.013693 14.112054 18.029217
3.665648 13.942481 17.665560
3.327183 13.805799 17.241302
3.000287 13.717776 16.764330
2.684159 13.673504 16.245827
2.380447 13.657773 15.690687
2.094097 13.658248 15.094436
1.829421 13.670257 14.451997
1.584912 13.692981 13.770658
1.351379 13.724406 13.074044
1.115734 13.759738 12.393052
0.867203 13.792088 11.751997
0.600049 13.814232 11.160512
0.311868 13.822632 10.614370
0.001870 13.821836 10.100989
-0.328612 13.822814 9.604887
-0.675322 13.833437 9.112685
-1.030897 13.849773 8.618890
-1.384722 13.857088 8.130017
-1.724481 13.838276 7.662289
-2.041231 13.781060 7.232971
-2.334808 13.680489 6.851458
-2.614465 13.538664 6.515372
-2.894819 13.361948 6.211607
-3.191412 13.154953 5.920392
-3.517717 12.915232 5.621074
-3.882730 12.635041 5.297071
-4.290401 12.310307 4.937664
-4.742568 11.949158 4.538499
-5.241501 11.572332 4.103839
-5.785859 11.205080 3.647731
-6.361948 10.866752 3.188577
-6.940607 10.564751 2.739340
-7.485765 10.295120 2.303217
-7.968622 10.048283 1.879263
-8.376084 9.816856 1.470695
-8.708487 9.600902 1.086248
-8.971459 9.406048 0.733813
-9.170675 9.235790 0.413745
-9.312893 9.085449 0.118749
-9.408176 8.942967 -0.159586
-9.466442 8.794030 -0.423611
-9.489821 8.627194 -0.667854
-9.470692 8.438159 -0.883410
-9.401056 8.232250 -1.064742
-9.284883 8.021335 -1.214832
-9.139195 7.814357 -1.345654
-8.981972 7.608834 -1.472494
-8.820522 7.392075 -1.605341
-8.652308 7.151617 -1.744654
-8.473697 6.884771 -1.884690
-8.283926 6.598661 -2.018977
-8.080702 6.302325 -2.141476
-7.855878 5.999921 -2.244881
-7.598259 5.690958 -2.321845
-7.300311 5.374408 -2.369765
-6.961201 5.050039 -2.393244
-6.584210 4.716610 -2.400118
-6.173031 4.372224 -2.394563
-5.730970 4.018459 -2.374435
-5.261898 3.663185 -2.335273
-4.770066 3.318074 -2.276263
-4.259612 2.993028 -2.202294
-3.737087 2.691574 -2.121604
-3.216007 2.408871 -2.042761
-2.716985 2.132879 -1.973604
-2.259529 1.848939 -1.921734
-1.850689 1.546153 -1.894874
-1.480749 1.222699 -1.899359
-1.131573 0.887621 -1.935807
-0.792927 0.557200 -1.994076
-0.474150 0.246499 -2.053079
-0.200766 -0.038220 -2.089253
0.002350 -0.299936 -2.089310
0.128485 -0.545079 -2.056430
0.195113 -0.778344 -2.003895
0.236567 -1.001938 -1.942822
0.290850 -1.216880 -1.875891
0.388773 -1.422881 -1.800554
0.547823 -1.617269 -1.715087
0.769048 -1.796014 -1.621329
1.037158 -1.957886 -1.524604
1.326410 -2.108206 -1.433106
1.611686 -2.257783 -1.355911
1.879037 -2.417783 -1.298555
2.129905 -2.596038 -1.258947
2.377670 -2.797644 -1.227518
2.639077 -3.026323 -1.191236
2.924872 -3.282267 -1.137594
3.234078 -3.557796 -1.056775
3.554026 -3.836141 -0.943484
3.864727 -4.097005 -0.798803
4.145268 -4.327423 -0.629755
4.380934 -4.530734 -0.445654
4.568809 -4.724729 -0.253527
4.717763 -4.927849 -0.055224
4.841827 -5.144804 0.152602
4.952246 -5.365038 0.375187
5.053714 -5.574664 0.614386
5.144238 -5.769539 0.865519
5.215659 -5.958129 1.119917
5.255550 -6.153926 1.372058
5.251942 -6.365533 1.625353
5.198168 -6.591805 1.890322
5.094817 -6.823338 2.175115
4.950765 -7.047232 2.477184
4.785625 -7.252471 2.785635
4.629219 -7.434430 3.092245
4.511659 -7.596706 3.398647
4.447912 -7.749230 3.712250
4.431043 -7.904058 4.036798
4.442492 -8.070460 4.367090
4.469448 -8.250111 4.689812
4.511068 -8.435396 4.987195
4.568773 -8.614844 5.242533
4.634864 -8.782863 5.448195
4.694314 -8.943990 5.612513
4.736936 -9.106603 5.758939
4.764446 -9.272774 5.916112
4.784376 -9.434682 6.105680
4.798492 -9.580555 6.336018
4.797791 -9.704338 6.604170
4.767631 -9.810540 6.902524
4.697516 -9.909805 7.225274
4.587751 -10.009164 7.571328
4.448407 -10.106792 7.942906
4.291883 -10.196817 8.340801
4.125355 -10.278116 8.758340
3.948746 -10.355608 9.177803
3.758183 -10.431921 9.573706
3.550573 -10.501082 9.923344
3.325667 -10.554733 10.217377
3.085231 -10.593887 10.460930
2.831268 -10.629850 10.664202
2.565537 -10.671844 10.832773
2.291082 -10.717010 10.967829
2.013910 -10.755003 11.074009
1.742311 -10.780753 11.163368
1.483880 -10.801234 11.249747
1.242607 -10.830840 11.341038
1.017242 -10.880450 11.440001
0.800335 -10.948497 11.552730
0.579183 -11.020487 11.692986
0.341635 -11.077796 11.875396
0.085230 -11.108457 12.104326
-0.178690 -11.110751 12.369182
-0.432128 -11.088847 12.647847
-0.663403 -11.047912 12.913505
-0.873695 -10.993974 13.142905
-1.072354 -10.936183 13.325812
-1.268359 -10.886992 13.469604
-1.467222 -10.858781 13.591183
-1.674009 -10.858304 13.699349
-1.896443 -10.882653 13.783606
-2.144071 -10.921129 13.821504
-2.424758 -10.963122 13.798760
-2.741686 -11.005313 13.724438
-3.092423 -11.051465 13.629401
-3.470432 -11.105819 13.550466
-3.868916 -11.167039 13.512223
-4.284844 -11.227744 13.518411
-4.718791 -11.278718 13.556893
-5.169568 -11.313047 13.612205
-5.629972 -11.326446 13.675296
-6.090382 -11.314373 13.744743
-6.547109 -11.269932 13.821252
-7.005127 -11.185905 13.901357
-7.470919 -11.060258 13.975375
-7.942825 -10.900485 14.031122
-8.408615 -10.721915 14.060322
-8.851706 -10.540092 14.062222
-9.259777 -10.363791 14.041227
-9.629324 -10.195332 14.001074
-9.963772 -10.036792 13.941079
-10.267167 -9.894360 13.856731
-10.538759 -9.776784 13.741951
-10.773617 -9.691417 13.590647
-10.968624 -9.641469 13.398775
-11.126857 -9.623840 13.168091
-11.255642 -9.627660 12.909409
-11.362528 -9.637040 12.642233
-11.455805 -9.638535 12.389965
-11.548208 -9.627176 12.172178
-11.656627 -9.605464 11.997257
-11.795820 -9.577382 11.859941
-11.972328 -9.543958 11.746173
-12.184996 -9.503156 11.642113
-12.431646 -9.451949 11.540403
-12.714900 -9.388721 11.439226
-13.040285 -9.315763 11.336554
-13.407207 -9.239775 11.226518
-13.801786 -9.168177 11.102177
-14.200531 -9.104259 10.961595
-14.583279 -9.046453 10.810297
-14.943014 -8.990683 10.656898
-15.281905 -8.930470 10.505519
-15.597631 -8.855190 10.351779
-15.875898 -8.752376 10.186398
-16.098408 -8.614489 10.003469
-16.257683 -8.442724 9.805325
-16.363529 -8.243331 9.598441
-16.437021 -8.021873 9.383430
-16.499846 -7.783095 9.147631
-16.566896 -7.535681 8.867095
-16.644161 -7.294221 8.518555
-16.730818 -7.073388 8.094639
-16.822659 -6.878295 7.611103
-16.913380 -6.700410 7.099923
-16.994854 -6.524185 6.594463
-17.061640 -6.338841 6.118656
-17.118999 -6.144112 5.685173
-17.184383 -5.945670 5.299038
-17.276682 -5.747321 4.962192
-17.402878 -5.548407 4.676296
-17.555550 -5.345760 4.442021
-17.721123 -5.134165 4.255664
-17.888046 -4.905028 4.107290
-18.048923 -4.649103 3.982792
-18.199917 -4.364534 3.867236
-18.340452 -4.062677 3.745802
-18.471375 -3.764469 3.603097
-18.590820 -3.489133 3.424982
-18.691584 -3.244062 3.204051
-18.763792 -3.023788 2.944145
-18.801712 -2.819148 2.658579
-18.809895 -2.629359 2.362689
-18.803791 -2.465791 2.067043
-18.803429 -2.342378 1.776299
-18.824188 -2.260278 1.492406
-18.871868 -2.201022 1.217174
-18.944748 -2.134993 0.951804
-19.037693 -2.037584 0.695468
-19.142380 -1.898846 0.445381
-19.245062 -1.720784 0.197868
-19.327749 -1.509673 -0.051146
-19.374058 -1.272716 -0.305747
-19.374943 -1.018222 -0.568168
-19.330708 -0.752684 -0.836286
-19.250032 -0.475653 -1.104001
-19.147583 -0.181281 -1.366132
-19.039948 0.130339 -1.623889
-18.939766 0.442584 -1.884554
-18.850204 0.726849 -2.154446
-18.763557 0.963154 -2.432137
-18.666416 1.159026 -2.709159
-18.548820 1.346371 -2.976971
-18.410454 1.556600 -3.232359
-18.259108 1.797562 -3.476508
-18.104149 2.054254 -3.710329
-17.951433 2.309967 -3.931020
-17.802170 2.564762 -4.131840
-17.653336 2.834638 -4.304387
-17.498041 3.135998 -4.441892
-17.328314 3.471850 -4.542395
-17.141768 3.829984 -4.611348
-16.947208 4.190731 -4.662409
-16.761696 4.536262 -4.713732
-16.599699 4.856171 -4.779691
-16.464720 5.148139 -4.864472
-16.351383 5.414170 -4.964709
-16.253922 5.654557 -5.079073
-16.171045 5.864480 -5.214148
-16.103764 6.037964 -5.379680
-16.051334 6.177619 -5.578215
-16.010490 6.301401 -5.799649
-15.976559 6.438235 -6.025106
-15.942421 6.614023 -6.235527
-15.896090 6.838810 -6.418472
-15.822004 7.104742 -6.570322
-15.707037 7.394529 -6.693854
-15.545426 7.692235 -6.793286
-15.338611 7.989352 -6.871825
-15.093681 8.284918 -6.934865
-14.824165 8.581734 -6.993964
-14.548768 8.881264 -7.064123
-14.282768 9.180342 -7.155766
-14.027857 9.471583 -7.270011
-13.772676 9.745487 -7.400762
-13.505646 9.991362 -7.538875
-13.226723 10.199295 -7.674712
-12.945272 10.367685 -7.801060
-12.666821 10.512426 -7.917375
-12.382926 10.665183 -8.030642
-12.074366 10.855839 -8.148989
-11.725408 11.092600 -8.272830
-11.337987 11.358128 -8.392724
-10.934197 11.623975 -8.496108
-10.543573 11.868427 -8.575453
-10.184492 12.083383 -8.630437
-9.855499 12.269501 -8.664236
-9.543132 12.428891 -8.678465
-9.236055 12.562721 -8.669997
-8.930708 12.672949 -8.631640
-8.626465 12.763300 -8.558011
-8.320957 12.837996 -8.453980
-8.012468 12.900808 -8.338111
-7.703714 12.955790 -8.235557
-7.399172 13.007772 -8.164706
-7.098347 13.061116 -8.128499
-6.793712 13.118393 -8.116601
-6.476172 13.181198 -8.114268
-6.142684 13.251873 -8.110127
-5.799717 13.332830 -8.099349
-5.460227 13.423462 -8.082853
-5.135758 13.518690 -8.063993
-4.828781 13.611361 -8.044503
-4.531697 13.695148 -8.021609
-4.234269 13.764616 -7.987074
-3.933439 13.814886 -7.928764
-3.637151 13.844901 -7.835684
-3.359573 13.861689 -7.704621
-3.111985 13.878067 -7.542282
-2.895099 13.902365 -7.359567
-2.696407 13.929539 -7.163375
-2.494481 13.943855 -6.954558
-2.269993 13.931454 -6.733416
-2.017584 13.890356 -6.505916
-1.748114 13.828857 -6.284043
-1.477198 13.756269 -6.080470
-1.210571 13.676331 -5.903007
-0.941120 13.587779 -5.752950
-0.658596 13.488543 -5.626311
-0.359186 13.379536 -5.514892
-0.046168 13.266552 -5.407202
0.274090 13.159313 -5.291272
0.593542 13.067581 -5.159014
0.901906 12.996722 -5.009121
1.189648 12.945437 -4.846794
1.455197 12.906281 -4.681142
1.709536 12.868803 -4.521468
1.970930 12.824860 -4.373156
2.251409 12.773394 -4.234612
2.546085 12.720454 -4.097593
2.835548 12.673153 -3.951759
3.099686 12.631977 -3.790690
3.330229 12.588793 -3.614650
3.531774 12.533468 -3.427969
3.714163 12.462248 -3.234116
3.886361 12.377388 -3.033921
4.055550 12.277920 -2.828785
4.226739 12.154530 -2.624461
4.400319 11.997987 -2.429643
4.571876 11.812362 -2.250027
4.737011 11.616074 -2.084857
4.896000 11.427881 -1.929709
5.052034 11.252960 -1.780567
5.205561 11.083023 -1.633044
5.352839 10.907631 -1.478311
5.490677 10.723475 -1.302006
5.620410 10.534294 -1.088507
5.745479 10.345587 -0.827660
5.866060 10.161612 -0.520205
5.977798 9.986210 -0.179249
6.075898 9.822818 0.173921
6.159363 9.670610 0.518570
6.230822 9.520288 0.842664
6.293287 9.355798 1.145034
6.348097 9.162880 1.430987
6.394975 8.937466 1.705324
6.431401 8.686321 1.967053
6.451076 8.420801 2.208404
6.445612 8.151712 2.419126
6.410913 7.889153 2.594106
6.352207 7.642184 2.738627
6.281513 7.413553 2.866294
6.209742 7.194335 2.991050
6.141004 6.967054 3.120659
6.072750 6.716979 3.257331
5.999362 6.441694 3.403314
5.916390 6.150783 3.563992
5.824415 5.857146 3.744568
5.730220 5.567483 3.943762
5.642098 5.278438 4.150769
5.561368 4.980406 4.348612
5.478314 4.666058 4.522131
5.377416 4.337116 4.665327
5.246553 4.004535 4.782733
5.082048 3.683065 4.884311
4.888313 3.384735 4.978745
4.675392 3.114463 5.070153
4.454981 2.869022 5.159163
4.234798 2.639714 5.246260
4.015374 2.417243 5.334448
3.793733 2.195724 5.428823
3.571595 1.974395 5.533009
3.359411 1.757601 5.645119
3.170166 1.552157 5.756012
3.007337 1.360777 5.850955
2.859376 1.175562 5.914501
2.707753 0.979056 5.937221
2.540771 0.753613 5.920909
2.358886 0.490390 5.878452
2.167587 0.190301 5.827284
1.967859 -0.141424 5.779612
1.755018 -0.499646 5.735301
1.525240 -0.877488 5.682575
1.280608 -1.260476 5.606669
1.027277 -1.625405 5.500157
0.770523 -1.949702 5.367668
0.512633 -2.224252 5.223315
0.253884 -2.456242 5.084420
-0.006658 -2.659373 4.964881
-0.270705 -2.842777 4.869992
-0.538299 -3.008921 4.794914
-0.804128 -3.159321 4.727530
-1.056938 -3.300861 4.652951
-1.284243 -3.447258 4.557267
-1.479176 -3.613366 4.431629
-1.643970 -3.804352 4.276759
-1.787722 -4.008534 4.103855
-1.921463 -4.203670 3.929064
-2.055192 -4.374492 3.765248
-2.197361 -4.525410 3.617182
-2.352759 -4.675675 3.481712
-2.516820 -4.843536 3.350255
-2.671809 -5.036721 3.212250
-2.792996 -5.255778 3.060337
-2.864573 -5.500531 2.895195
-2.893215 -5.769514 2.724111
-2.906680 -6.054910 2.551859
-2.937950 -6.342108 2.373070
-3.008070 -6.615995 2.176201
-3.119917 -6.867256 1.955864
-3.263638 -7.093431 1.719706
-3.425567 -7.296886 1.482342
-3.593720 -7.483572 1.253018
-3.759854 -7.661742 1.028371
-3.920615 -7.838549 0.794901
-4.076864 -8.016968 0.537276
-4.229144 -8.197237 0.245395
-4.372468 -8.381739 -0.084186
-4.496593 -8.577491 -0.450606
-4.592013 -8.793039 -0.849286
-4.654852 -9.032564 -1.269400
-4.685617 -9.292110 -1.693840
-4.684097 -9.559748 -2.105820
-4.646101 -9.818474 -2.496875
-4.565329 -10.050694 -2.867727
-4.438801 -10.243483 -3.221747
-4.270289 -10.392438 -3.559174
-4.067701 -10.501651 -3.878061
-3.837751 -10.580185 -4.179556
-3.584900 -10.637888 -4.470721
-3.314916 -10.682859 -4.760802
-3.036332 -10.721340 -5.053101
-2.756743 -10.759087 -5.339675
-2.478580 -10.801243 -5.605719
-2.198812 -10.848918 -5.842451
-1.911982 -10.896755 -6.057386
-1.614454 -10.937446 -6.270917
-1.307902 -10.970146 -6.501729
-0.998515 -11.001941 -6.755328
-0.690548 -11.038841 -7.024436
-0.380121 -11.076779 -7.295644
-0.057269 -11.103392 -7.553380
0.284665 -11.107968 -7.781003
0.642125 -11.088980 -7.963508
1.003696 -11.054270 -8.091344
1.358335 -11.016698 -8.160436
1.701979 -10.988350 -8.167399
2.038841 -10.974859 -8.105907
2.377932 -10.973071 -7.969670
2.726844 -10.974991 -7.758704
3.086123 -10.975025 -7.480204
3.448273 -10.973614 -7.142637
3.802637 -10.974983 -6.752105
4.142782 -10.983179 -6.317590
4.470748 -10.999479 -5.858440
4.794712 -11.019617 -5.402243
5.122415 -11.031267 -4.972151
5.456701 -11.017899 -4.575558
5.796544 -10.971024 -4.204759
6.140525 -10.900458 -3.847809
6.488832 -10.830317 -3.499562
6.843713 -10.783541 -3.165971
7.208691 -10.769999 -2.862022
7.584433 -10.786520 -2.606131
7.962505 -10.823184 -2.412385
8.324404 -10.867531 -2.282997
8.650866 -10.905542 -2.205912
8.935844 -10.922520 -2.160347
9.193313 -10.905424 -2.126419
9.450659 -10.845812 -2.091948
