10.053327 -9.983445 -11.008829
9.996181 -10.322217 -10.954805
9.930001 -10.658289 -10.897992
9.854918 -10.991482 -10.838434
9.771102 -11.321791 -10.776175
9.678854 -11.649677 -10.711243
9.578735 -11.976656 -10.643660
9.471815 -12.306253 -10.573420
9.359945 -12.645139 -10.500483
9.245924 -13.003807 -10.424768
9.133320 -13.395815 -10.346161
9.025703 -13.834728 -10.264541
8.925379 -14.328966 -10.179835
8.832031 -14.876341 -10.092072
8.742019 -15.461195 -10.001402
8.648878 -16.056461 -9.908087
8.545044 -16.630589 -9.812430
8.424067 -17.156530 -9.714686
8.282328 -17.618658 -9.614999
8.119540 -18.014835 -9.513378
7.938054 -18.353539 -9.409732
7.741491 -18.648415 -9.303911
7.533482 -18.913113 -9.195770
7.316901 -19.158232 -9.085190
7.093682 -19.390564 -8.972085
6.864984 -19.613773 -8.856400
6.631477 -19.829523 -8.738096
6.393570 -20.038441 -8.617146
6.151564 -20.240707 -8.493523
5.905716 -20.436337 -8.367203
5.656273 -20.625298 -8.238161
5.403478 -20.807560 -8.106369
5.147575 -20.983093 -7.971799
4.888806 -21.151871 -7.834423
4.627416 -21.313879 -7.694212
4.363646 -21.469105 -7.551139
4.097738 -21.617548 -7.405175
3.829933 -21.759209 -7.256293
3.560471 -21.894096 -7.104468
3.289588 -22.022223 -6.949675
3.017520 -22.143612 -6.791890
2.744498 -22.258289 -6.631092
2.470751 -22.366282 -6.467258
2.196504 -22.467628 -6.300372
1.921978 -22.562366 -6.130416
1.647391 -22.650547 -5.957376
1.372954 -22.732216 -5.781240
1.098875 -22.807434 -5.602001
0.825357 -22.876253 -5.419650
0.552597 -22.938736 -5.234186
0.280785 -22.994949 -5.045608
0.010108 -23.044960 -4.853917
-0.259259 -23.088837 -4.659121
-0.527143 -23.126654 -4.461227
-0.793383 -23.158480 -4.260249
-1.057822 -23.184391 -4.056202
-1.320312 -23.204460 -3.849107
-1.580713 -23.218758 -3.638985
-1.838892 -23.227356 -3.425864
-2.094726 -23.230328 -3.209774
-2.348100 -23.227736 -2.990750
-2.598906 -23.219646 -2.768829
-2.847047 -23.206123 -2.544051
-3.092432 -23.187227 -2.316463
-3.334983 -23.163017 -2.086112
-3.574628 -23.133549 -1.853054
-3.811303 -23.098877 -1.617344
-4.044955 -23.059053 -1.379045
-4.275540 -23.014130 -1.138222
-4.503020 -22.964149 -0.894945
-4.727367 -22.909168 -0.649290
-4.948561 -22.849228 -0.401340
-5.166589 -22.784382 -0.151181
-5.381442 -22.714674 0.101094
-5.593121 -22.640152 0.355385
-5.801627 -22.560862 0.611589
-6.006969 -22.476845 0.869597
-6.209159 -22.388142 1.129294
-6.408211 -22.294792 1.390562
-6.604142 -22.196835 1.653276
-6.796969 -22.094303 1.917306
-6.986713 -21.987225 2.182518
-7.173393 -21.875628 2.448770
-7.357028 -21.759537 2.715918
-7.537637 -21.638969 2.983808
-7.715235 -21.513943 3.252287
-7.889836 -21.384468 3.521193
-8.061453 -21.250557 3.790362
-8.230094 -21.112213 4.059626
-8.395763 -20.969440 4.328814
-8.558464 -20.822237 4.597749
-8.718195 -20.670586 4.866255
-8.874964 -20.514416 5.134150
-9.028816 -20.353485 5.401250
-9.179901 -20.187096 5.667365
-9.328623 -20.013504 5.932292
-9.475874 -19.828955 6.195811
-9.623316 -19.626568 6.457667
-9.773546 -19.395639 6.717571
-9.929914 -19.122410 6.975201
-10.095760 -18.793125 7.230239
-10.273146 -18.399185 7.482418
-10.461496 -17.942604 7.731573
-10.656903 -17.438879 7.977672
-10.852624 -16.914928 8.220798
-11.040802 -16.402161 8.461075
-11.214684 -15.927501 8.698592
-11.370338 -15.506460 8.933330
-11.507160 -15.141079 9.165141
-11.627163 -14.822786 9.393781
-11.733635 -14.537864 9.618959
-11.829861 -14.272600 9.840392
-11.918362 -14.016346 10.057827
-12.000718 -13.762276 10.271058
-12.077730 -13.506704 10.479909
-12.149700 -13.247956 10.684232
-12.216673 -12.985407 10.883894
-12.278579 -12.718899 11.078771
-12.335303 -12.448447 11.268744
-12.386723 -12.174128 11.453703
-12.432709 -11.896035 11.633540
-12.473136 -11.614278 11.808154
-12.507878 -11.328972 11.977450
-12.536819 -11.040239 12.141335
-12.559836 -10.748217 12.299727
-12.576819 -10.453041 12.452546
-12.587656 -10.154864 12.599715
-12.592242 -9.853839 12.741166
-12.590478 -9.550129 12.876833
-12.582269 -9.243904 13.006654
-12.567530 -8.935343 13.130569
-12.546182 -8.624634 13.248524
-12.518155 -8.311973 13.360465
-12.483389 -7.997561 13.466342
-12.441831 -7.681613 13.566106
-12.393435 -7.364347 13.659711
-12.338170 -7.045989 13.747115
-12.276010 -6.726774 13.828279
-12.206942 -6.406940 13.903161
-12.130963 -6.086734 13.971725
-12.048085 -5.766401 14.033938
-11.958325 -5.446195 14.089767
-11.861720 -5.126369 14.139181
-11.758315 -4.807182 14.182154
-11.648166 -4.488894 14.218659
-11.531345 -4.171767 14.248675
-11.407935 -3.856064 14.272179
-11.278030 -3.542050 14.289149
-11.141736 -3.229988 14.299567
-10.999170 -2.920143 14.303412
-10.850461 -2.612779 14.300663
-10.695747 -2.308158 14.291296
-10.535182 -2.006545 14.275293
-10.368924 -1.708202 14.252634
-10.197143 -1.413393 14.223297
-10.020019 -1.122381 14.187265
-9.837737 -0.835428 14.144521
-9.650492 -0.552794 14.095051
-9.458484 -0.274738 14.038843
-9.261916 -0.001514 13.975893
-9.061004 0.266623 13.906197
-8.855958 0.529422 13.829756
-8.647002 0.786636 13.746580
-8.434361 1.038018 13.656684
-8.218263 1.283326 13.560087
-7.998941 1.522318 13.456815
-7.776631 1.754758 13.346903
-7.551571 1.980411 13.230391
-7.324004 2.199045 13.107327
-7.094172 2.410434 12.977765
-6.862320 2.614354 12.841769
-6.628697 2.810587 12.699408
-6.393549 2.998918 12.550758
-6.157125 3.179140 12.395909
-5.919674 3.351049 12.234953
-5.681443 3.514452 12.067995
-5.442678 3.669157 11.895147
-5.203629 3.814985 11.716532
-4.964539 3.951762 11.532276
-4.725655 4.079325 11.342519
-4.487222 4.197519 11.147402
-4.249482 4.306200 10.947079
-4.012679 4.405236 10.741709
-3.777053 4.494506 10.531460
-3.542844 4.573902 10.316507
-3.310290 4.643327 10.097031
-3.079632 4.702699 9.873219
-2.851105 4.751952 9.645269
-2.624946 4.791032 9.413383
-2.401390 4.819902 9.177761
-2.180670 4.838542 8.938614
-1.963017 4.846944 8.696153
-1.748662 4.845120 8.450590
-1.537832 4.833098 8.202138
-1.330754 4.810922 7.951013
-1.127654 4.778652 7.697425
-0.928757 4.736369 7.441587
-0.734286 4.684166 7.183707
-0.544466 4.622158 6.923989
-0.359518 4.550476 6.662636
-0.179662 4.469269 6.399843
-0.005117 4.378703 6.135801
0.163898 4.278965 5.870696
0.327168 4.170257 5.604707
0.484475 4.052797 5.338007
0.635604 3.926824 5.070761
0.780339 3.792590 4.803128
0.918466 3.650364 4.535261
1.049771 3.500431 4.267305
1.174043 3.343090 3.999401
1.291074 3.178654 3.731680
1.400658 3.007452 3.464271
1.502592 2.829824 3.197291
1.596680 2.646125 2.930856
1.682726 2.456720 2.665072
1.760541 2.261991 2.400040
1.829941 2.062328 2.135857
1.890748 1.858133 1.872613
1.942793 1.649817 1.610396
1.985914 1.437801 1.349286
2.019960 1.222511 1.089363
2.044789 1.004382 0.830700
2.060272 0.783852 0.573367
2.066293 0.561366 0.317431
2.062747 0.337370 0.062955
2.049545 0.112313 -0.189998
2.026613 -0.113354 -0.441371
1.993888 -0.339178 -0.691105
1.951329 -0.564708 -0.939143
1.898906 -0.789492 -1.185431
1.836609 -1.013081 -1.429917
1.764444 -1.235027 -1.672546
1.682435 -1.454888 -1.913267
1.590625 -1.672225 -2.152029
1.489073 -1.886603 -2.388777
1.377857 -2.097597 -2.623460
1.257072 -2.304782 -2.856024
1.126830 -2.507746 -3.086415
0.987263 -2.706082 -3.314579
0.838517 -2.899391 -3.540456
0.680755 -3.087287 -3.763988
0.514158 -3.269391 -3.985113
0.338920 -3.445336 -4.203770
0.155251 -3.614769 -4.419892
-0.036622 -3.777346 -4.633415
-0.236462 -3.932737 -4.844272
-0.444014 -4.080626 -5.052396
-0.659011 -4.220707 -5.257720
-0.881175 -4.352694 -5.460175
-1.110211 -4.476308 -5.659695
-1.345818 -4.591289 -5.856212
-1.587679 -4.697387 -6.049660
-1.835472 -4.794371 -6.239971
-2.088862 -4.882018 -6.427082
-2.347507 -4.960124 -6.610929
-2.611054 -5.028498 -6.791451
-2.879145 -5.086967 -6.968585
-3.151412 -5.135373 -7.142275
-3.427479 -5.173573 -7.312462
-3.706965 -5.201445 -7.479093
-3.989483 -5.218876 -7.642113
-4.274643 -5.225776 -7.801473
-4.562052 -5.222067 -7.957124
-4.851314 -5.207689 -8.109022
-5.142034 -5.182598 -8.257124
-5.433816 -5.146766 -8.401392
-5.726264 -5.100181 -8.541788
-6.018984 -5.042848 -8.678282
-6.311586 -4.974790 -8.810841
-6.603681 -4.896044 -8.939442
-6.894881 -4.806664 -9.064058
-7.184807 -4.706720 -9.184672
-7.473080 -4.596297 -9.301264
-7.759327 -4.475495 -9.413818
-8.043182 -4.344429 -9.522320
-8.324282 -4.203227 -9.626760
-8.602272 -4.052032 -9.727133
-8.876802 -3.891003 -9.823430
-9.147530 -3.720311 -9.915651
-9.414118 -3.540142 -10.003796
-9.676240 -3.350690 -10.087866
-9.933577 -3.152167 -10.167867
-10.185817 -2.944790 -10.243807
-10.432659 -2.728790 -10.315696
-10.673812 -2.504406 -10.383545
-10.908995 -2.271889 -10.447369
-11.137939 -2.031496 -10.507181
-11.360384 -1.783492 -10.563001
-11.576083 -1.528151 -10.614846
-11.784800 -1.265754 -10.662739
-11.986311 -0.996586 -10.706706
-12.180404 -0.720941 -10.746774
-12.366877 -0.439117 -10.782974
-12.545541 -0.151416 -10.815341
-12.716215 0.141854 -10.843912
-12.878733 0.440384 -10.868724
-13.032934 0.743858 -10.889817
-13.178677 1.051960 -10.907233
-13.315822 1.364372 -10.921014
-13.444250 1.680773 -10.931201
-13.563849 2.000843 -10.937838
-13.674520 2.324263 -10.940969
-13.776170 2.650712 -10.940637
-13.868719 2.979873 -10.936885
-13.952094 3.311430 -10.929757
-14.026234 3.645069 -10.919295
-14.091085 3.980482 -10.905540
-14.146608 4.317363 -10.888534
-14.192768 4.655411 -10.868314
-14.229547 4.994330 -10.844922
-14.256931 5.333831 -10.818401
-14.274923 5.673626 -10.788792
-14.283535 6.013437 -10.756137
-14.282791 6.352989 -10.720480
-14.272723 6.692014 -10.681864
-14.253380 7.030246 -10.640331
-14.224816 7.367427 -10.595923
-14.187103 7.703300 -10.548681
-14.140318 8.037615 -10.498641
-14.084549 8.370121 -10.445840
-14.019894 8.700575 -10.390309
-13.946461 9.028736 -10.332079
-13.864363 9.354368 -10.271174
-13.773723 9.677242 -10.207620
-13.674672 9.997133 -10.141437
-13.567350 10.313824 -10.072644
-13.451904 10.627098 -10.001257
-13.328486 10.936750 -9.927285
-13.197262 11.242580 -9.850740
-13.058401 11.544392 -9.771626
-12.912082 11.841995 -9.689945
-12.758488 12.135208 -9.605699
-12.597807 12.423850 -9.518883
-12.430235 12.707752 -9.429494
-12.255974 12.986750 -9.337524
-12.075226 13.260686 -9.242965
-11.888205 13.529408 -9.145804
-11.695126 13.792774 -9.046029
-11.496212 14.050646 -8.943622
-11.291688 14.302893 -8.838562
-11.081781 14.549394 -8.730830
-10.866724 14.790033 -8.620400
-10.646749 15.024700 -8.507254
-10.422091 15.253294 -8.391367
-10.192987 15.475718 -8.272716
-9.959675 15.691885 -8.151277
-9.722391 15.901710 -8.027025
-9.481377 16.105118 -7.899938
-9.236870 16.302040 -7.769989
-8.989109 16.492418 -7.637153
-8.738333 16.676193 -7.501404
-8.484781 16.853321 -7.362717
-8.228687 17.023762 -7.221066
-7.970287 17.187481 -7.076427
-7.709814 17.344452 -6.928778
-7.447498 17.494652 -6.778096
-7.183568 17.638063 -6.624362
-6.918248 17.774679 -6.467555
-6.651760 17.904495 -6.307659
-6.384325 18.027515 -6.144659
-6.116157 18.143745 -5.978542
-5.847468 18.253197 -5.809299
-5.578465 18.355896 -5.636919
-5.309353 18.451862 -5.461398
-5.040329 18.541126 -5.282731
-4.771585 18.623724 -5.100916
-4.503306 18.699696 -4.915955
-4.235674 18.769085 -4.727852
-3.968863 18.831944 -4.536616
-3.703041 18.888321 -4.342257
-3.438370 18.938278 -4.144793
-3.175007 18.981878 -3.944241
-2.913098 19.019184 -3.740626
-2.652784 19.050262 -3.533972
-2.394196 19.075186 -3.324311
-2.137458 19.094028 -3.111676
-1.882684 19.106861 -2.896105
-1.629979 19.113758 -2.677636
-1.379440 19.114794 -2.456316
-1.131157 19.110039 -2.232192
-0.885212 19.099567 -2.005316
-0.641678 19.083448 -1.775744
-0.400624 19.061752 -1.543536
-0.162110 19.034550 -1.308756
0.073808 19.001907 -1.071474
0.307082 18.963898 -0.831764
0.537670 18.920586 -0.589706
0.765534 18.872038 -0.345382
0.990645 18.818321 -0.098882
1.212976 18.759502 0.149699
1.432509 18.695641 0.400263
1.649229 18.626802 0.652706
1.863124 18.553043 0.906921
2.074188 18.474422 1.162795
2.282418 18.390987 1.420208
2.487814 18.302795 1.679039
2.690379 18.209892 1.939160
2.890116 18.112324 2.200438
3.087032 18.010124 2.462739
3.281132 17.903336 2.725920
3.472423 17.791988 2.989837
3.660912 17.676107 3.254344
3.846606 17.555714 3.519286
4.029508 17.430824 3.784511
4.209620 17.301453 4.049858
4.386943 17.167603 4.315167
4.561471 17.029282 4.580273
4.733197 16.886486 4.845006
4.902107 16.739212 5.109198
5.068186 16.587454 5.372674
5.231411 16.431200 5.635259
5.391759 16.270439 5.896775
5.549200 16.105156 6.157046
5.703696 15.935329 6.415892
5.855208 15.760946 6.673132
6.003687 15.581987 6.928588
6.149082 15.398436 7.182079
6.291330 15.210276 7.433424
6.430366 15.017490 7.682447
6.566114 14.820069 7.928969
6.698495 14.618000 8.172814
6.827420 14.411273 8.413811
6.952791 14.199883 8.651788
7.074506 13.983828 8.886580
7.192458 13.763111 9.118023
7.306530 13.537743 9.345961
7.416605 13.307739 9.570234
7.522555 13.073122 9.790695
7.624251 12.833923 10.007195
7.721560 12.590179 10.219591
7.814343 12.341938 10.427748
7.902460 12.089253 10.631533
7.985765 11.832188 10.830816
8.064114 11.570814 11.025480
8.137361 11.305214 11.215405
8.205359 11.035477 11.400484
8.267964 10.761705 11.580609
8.325030 10.484009 11.755680
8.376414 10.202507 11.925600
8.421977 9.917326 12.090282
8.461582 9.628607 12.249641
8.495095 9.336494 12.403595
8.522389 9.041148 12.552069
8.543343 8.742731 12.694990
8.557840 8.441418 12.832293
8.565776 8.137392 12.963915
8.567049 7.830840 13.089796
8.561568 7.521961 13.209883
8.549250 7.210957 13.324121
8.530016 6.898038 13.432464
8.503800 6.583421 13.534864
8.470545 6.267324 13.631282
8.430201 5.949972 13.721676
8.382731 5.631591 13.806011
8.328110 5.312412 13.884253
8.266324 4.992669 13.956367
8.197372 4.672597 14.022329
8.121264 4.352437 14.082111
8.038026 4.032431 14.135694
7.947691 3.712822 14.183054
7.850312 3.393859 14.224173
7.745947 3.075789 14.259031
7.634674 2.758861 14.287615
7.516578 2.443324 14.309906
7.391757 2.129428 14.325886
7.260323 1.817425 14.335535
7.122396 1.507564 14.338836
6.978111 1.200097 14.335769
6.827611 0.895275 14.326313
6.671051 0.593349 14.310446
6.508593 0.294569 14.288147
6.340412 -0.000817 14.259396
6.166687 -0.292560 14.224169
5.987611 -0.580412 14.182445
5.803380 -0.864126 14.134203
5.614201 -1.143455 14.079424
5.420282 -1.418154 14.018094
5.221841 -1.687976 13.950201
5.019099 -1.952677 13.875739
4.812282 -2.212017 13.794706
4.601618 -2.465754 13.707105
4.387341 -2.713650 13.612946
4.169687 -2.955469 13.512247
3.948895 -3.190979 13.405035
3.725205 -3.419948 13.291338
3.498863 -3.642148 13.171194
3.270111 -3.857352 13.044651
3.039197 -4.065340 12.911762
2.806369 -4.265893 12.772587
2.571873 -4.458796 12.627197
2.335959 -4.643840 12.475671
2.098876 -4.820820 12.318096
1.860873 -4.989536 12.154570
1.622197 -5.149792 11.985199
1.383097 -5.301401 11.810099
1.143822 -5.444180 11.629393
0.904619 -5.577954 11.443209
0.665735 -5.702556 11.251686
0.427417 -5.817828 11.054972
0.189910 -5.923621 10.853217
-0.046543 -6.019795 10.646584
-0.281697 -6.106223 10.435236
-0.515311 -6.182786 10.219347
-0.747144 -6.249383 9.999096
-0.976955 -6.305923 9.774666
-1.204506 -6.352332 9.546246
-1.429559 -6.388550 9.314028
-1.651880 -6.414536 9.078207
-1.871235 -6.430263 8.838984
-2.087392 -6.435719 8.596560
-2.300123 -6.430909 8.351139
-2.509197 -6.415856 8.102927
-2.714387 -6.390599 7.852126
-2.915468 -6.355193 7.598935
-3.112215 -6.309711 7.343554
-3.304404 -6.254247 7.086180
-3.491814 -6.188910 6.827003
-3.674225 -6.113829 6.566211
-3.851416 -6.029152 6.303987
-4.023172 -5.935045 6.040509
-4.189272 -5.831694 5.775949
-4.349502 -5.719299 5.510473
-4.503643 -5.598082 5.244242
-4.651481 -5.468280 4.977410
-4.792802 -5.330148 4.710127
-4.927394 -5.183958 4.442533
-5.055049 -5.029999 4.174763
-5.175559 -4.868577 3.906945
-5.288719 -4.700011 3.639203
-5.394330 -4.524638 3.371650
-5.492190 -4.342809 3.104396
-5.582108 -4.154886 2.837542
-5.663890 -3.961249 2.571184
-5.737351 -3.762287 2.305412
-5.802312 -3.558402 2.040311
-5.858598 -3.350007 1.775960
-5.906042 -3.137526 1.512435
-5.944487 -2.921391 1.249807
-5.973783 -2.702046 0.988143
-5.993791 -2.479941 0.727507
-6.004382 -2.255532 0.467960
-6.005442 -2.029284 0.209561
-5.996865 -1.801666 -0.047636
-5.978564 -1.573150 -0.303576
-5.950459 -1.344210 -0.558205
-5.912492 -1.115323 -0.811472
-5.864613 -0.886966 -1.063326
-5.806791 -0.659615 -1.313714
-5.739011 -0.433746 -1.562587
-5.661273 -0.209829 -1.809891
-5.573595 0.011663 -2.055577
-5.476011 0.230268 -2.299591
-5.368574 0.445524 -2.541880
-5.251354 0.656976 -2.782390
-5.124438 0.864177 -3.021065
-4.987933 1.066684 -3.257847
-4.841961 1.264066 -3.492676
-4.686663 1.455898 -3.725487
-4.522194 1.641764 -3.956215
-4.348729 1.821262 -4.184791
-4.166456 1.993997 -4.411143
-3.975579 2.159590 -4.635201
-3.776319 2.317672 -4.856886
-3.568912 2.467886 -5.076123
-3.353606 2.609890 -5.292835
-3.130667 2.743353 -5.506943
-2.900374 2.867962 -5.718368
-2.663018 2.983412 -5.927033
-2.418906 3.089418 -6.132861
-2.168358 3.185706 -6.335771
-1.911702 3.272019 -6.535685
-1.649282 3.348118 -6.732524
-1.381449 3.413777 -6.926211
-1.108559 3.468788 -7.116672
-0.830957 3.512951 -7.303840
-0.548942 3.546069 -7.487679
-0.262692 3.567917 -7.668212
0.027852 3.578204 -7.845573
0.323132 3.576521 -8.020077
0.624049 3.562298 -8.192246
0.931873 3.534816 -8.362770
1.247859 3.493311 -8.532308
1.572601 3.437174 -8.701201
1.905361 3.366186 -8.869162
2.243709 3.280679 -9.035120
2.583791 3.181525 -9.197372
2.921192 3.069923 -9.354000
3.252065 2.947073 -9.503401
3.573996 2.813885 -9.644691
3.886261 2.670848 -9.777798
4.189472 2.518073 -9.903274
4.484893 2.355449 -10.021963
4.773805 2.182819 -10.134693
5.057112 2.000093 -10.242090
5.335258 1.807296 -10.344551
5.608305 1.604555 -10.442275
5.876077 1.392071 -10.535351
6.138283 1.170091 -10.623806
6.394586 0.938892 -10.707642
6.644641 0.698764 -10.786859
6.888113 0.450014 -10.861454
7.124681 0.192955 -10.931433
7.354038 -0.072088 -10.996799
7.575895 -0.344783 -11.057567
7.789981 -0.624794 -11.113747
7.996043 -0.911775 -11.165358
8.193843 -1.205376 -11.212420
8.383163 -1.505241 -11.254961
8.563804 -1.811011 -11.293013
8.735579 -2.122320 -11.326611
8.898323 -2.438803 -11.355796
9.051888 -2.760089 -11.380613
9.196141 -3.085810 -11.401115
9.330967 -3.415596 -11.417356
9.456267 -3.749078 -11.429394
9.571961 -4.085890 -11.437287
9.677981 -4.425665 -11.441105
9.774278 -4.768041 -11.440914
9.860813 -5.112658 -11.436788
9.937565 -5.459158 -11.428798
10.004521 -5.807193 -11.417021
10.061683 -6.156414 -11.401533
10.109059 -6.506482 -11.382416
10.146672 -6.857063 -11.359747
10.174554 -7.207829 -11.333609
10.192742 -7.558460 -11.304083
10.201282 -7.908640 -11.271245
10.200227 -8.258060 -11.235174
10.189636 -8.606421 -11.195947
10.169576 -8.953423 -11.153633
10.140116 -9.298780 -11.108301
10.101336 -9.642213 -11.060013
