70.184135 -2.579976 -4.567612
71.106491 -2.016093 -5.094464
71.951614 -1.361768 -5.580606
72.697746 -0.609269 -6.004900
73.321342 0.243538 -6.349412
73.798485 1.192616 -6.601125
74.106583 2.227757 -6.752797
74.226509 3.333026 -6.803044
74.144783 4.487469 -6.755896
73.855698 5.666007 -6.620103
73.363152 6.840505 -6.408428
72.681633 7.981137 -6.136925
71.835999 9.058142 -5.824137
70.859879 10.043960 -5.490040
69.792534 10.915631 -5.154623
68.674576 11.657037 -4.836197
67.543480 12.260533 -4.549674
66.429596 12.727530 -4.305213
65.353653 13.067777 -4.107564
64.326187 13.297445 -3.956312
63.348789 13.436463 -3.846927
62.416561 13.505679 -3.772298
61.520988 13.524437 -3.724362
60.652565 13.508998 -3.695446
59.802631 13.471849 -3.679119
58.964321 13.421811 -3.670539
58.132767 13.364626 -3.666390
57.304848 13.303743 -3.664592
56.478733 13.241082 -3.663953
55.653454 13.177628 -3.663841
54.828522 13.113844 -3.663953
54.003735 13.049934 -3.664151
53.178993 12.985980 -3.664380
52.354263 12.922011 -3.664619
51.529545 12.858038 -3.664862
50.704830 12.794064 -3.665105
49.880116 12.730089 -3.665349
49.055397 12.666115 -3.665592
48.230675 12.602140 -3.665835
47.405956 12.538166 -3.666078
46.581238 12.474191 -3.666322
45.756519 12.410215 -3.666565
44.931801 12.346241 -3.666808
44.107082 12.282266 -3.667051
43.282364 12.218291 -3.667295
42.457645 12.154317 -3.667538
41.632923 12.090343 -3.667781
40.808208 12.026368 -3.668024
39.983490 11.962394 -3.668268
39.158772 11.898419 -3.668511
38.334049 11.834445 -3.668754
37.509331 11.770471 -3.668998
36.684612 11.706496 -3.669241
35.859898 11.642522 -3.669484
35.035175 11.578547 -3.669727
34.210457 11.514573 -3.669971
33.385738 11.450598 -3.670214
32.561020 11.386622 -3.670457
31.736300 11.322648 -3.670700
30.911583 11.258674 -3.670944
30.086864 11.194699 -3.671187
29.262146 11.130724 -3.671431
28.437428 11.066750 -3.671674
27.612709 11.002776 -3.671916
26.787979 10.938806 -3.672154
25.963238 10.874846 -3.672382
25.138437 10.810917 -3.672575
24.313480 10.747073 -3.672671
23.488108 10.683449 -3.672514
22.661760 10.620338 -3.671755
21.833248 10.558342 -3.669662
21.000319 10.498579 -3.664834
20.158997 10.442958 -3.654793
19.302877 10.394442 -3.635510
18.422440 10.357204 -3.600963
17.504824 10.336508 -3.542909
16.534231 10.338144 -3.451077
15.493361 10.367383 -3.313938
14.365759 10.427478 -3.120083
13.138777 10.518050 -2.860006
11.806493 10.633726 -2.527916
10.371736 10.763507 -2.123090
8.846612 10.891105 -1.650368
7.251278 10.996285 -1.119613
5.611248 11.056910 -0.544266
3.953948 11.051205 0.060607
2.305392 10.959778 0.680283
0.687674 10.767033 1.301925
-0.882340 10.461864 1.915437
-2.393159 10.037724 2.513625
-3.837965 9.492274 3.091779
-5.213487 8.826804 3.646918
-6.518831 8.045629 4.176909
-7.754518 7.155522 4.679642
-8.921808 6.165230 5.152340
-10.022314 5.085053 5.591075
-11.057813 3.926500 5.990489
-12.030161 2.702004 6.343693
-12.941251 1.424701 6.642371
-13.792940 0.108267 6.877024
-14.586947 -1.233183 7.037362
-15.324724 -2.585158 7.112798
-16.007286 -3.932823 7.093025
-16.635084 -5.261032 6.968638
-17.207882 -6.554386 6.731759
-17.724689 -7.797325 6.376633
-18.183794 -8.974277 5.900146
-18.582798 -10.069873 5.302265
-18.918789 -11.069220 4.586324
-19.188530 -11.958221 3.759188
-19.388706 -12.723951 2.831253
-19.516165 -13.355038 1.816292
-19.568209 -13.842034 0.731154
-19.542809 -14.177791 -0.404671
-19.438824 -14.357733 -1.569595
-19.256128 -14.380077 -2.740567
-18.995716 -14.245923 -3.893761
-18.659697 -13.959201 -5.005287
-18.251228 -13.526457 -6.051917
-17.774427 -12.956480 -7.011759
-17.234167 -12.259790 -7.864892
-16.635855 -11.448103 -8.593929
-15.985192 -10.533863 -9.184465
-15.287873 -9.530046 -9.625459
-14.549285 -8.450314 -9.909488
-13.774217 -7.309580 -10.032882
-12.966603 -6.124817 -9.995786
-12.129333 -4.915830 -9.802084
-11.264183 -3.705628 -9.459262
-10.371872 -2.520062 -8.978171
-9.452277 -1.386640 -8.372734
-8.504753 -0.332713 -7.659581
-7.528522 0.616547 -6.857663
-6.523086 1.439838 -5.987811
-5.488549 2.120667 -5.072299
-4.425872 2.647396 -4.134375
-3.336975 3.012547 -3.197799
-2.224734 3.211775 -2.286365
-1.092872 3.242985 -1.423413
0.054238 3.106022 -0.631329
1.211844 2.803125 0.068989
2.375180 2.340112 0.658695
3.539950 1.728012 1.121602
4.702988 0.984665 1.444832
5.863059 0.135771 1.619500
7.021701 -0.785089 1.641418
8.183830 -1.737682 1.511776
9.357740 -2.677541 1.237740
10.554076 -3.559213 0.832861
11.783659 -4.339789 0.317155
13.054374 -4.982158 -0.283286
14.367910 -5.457546 -0.937271
15.717446 -5.747127 -1.610115
17.087305 -5.842662 -2.265760
18.455040 -5.746294 -2.869185
19.795620 -5.469630 -3.388755
21.086493 -5.032324 -3.798156
22.312075 -4.460307 -4.077676
23.466436 -3.783896 -4.214709
24.553675 -3.035928 -4.203581
25.586285 -2.250058 -4.044888
26.582384 -1.459316 -3.744587
27.562702 -0.694915 -3.313056
28.547976 0.014675 -2.764275
29.556917 0.644392 -2.115194
30.604633 1.172972 -1.385330
31.701347 1.583027 -0.596527
32.851368 1.860852 0.227218
34.052589 1.996053 1.060001
35.296825 1.981223 1.874536
36.571049 1.811925 2.643037
37.859577 1.487198 3.338501
39.146614 1.010678 3.936272
40.418560 0.392146 4.415695
41.665592 -0.350893 4.761654
42.882244 -1.192213 4.965789
44.067116 -2.097022 5.027280
45.222054 -3.023684 4.953056
46.351124 -3.927017 4.757313
47.459625 -4.762757 4.460273
48.553383 -5.492393 4.086172
49.638046 -6.087382 3.660670
50.718613 -6.531851 3.208078
51.799076 -6.823252 2.748912
52.882198 -6.970915 2.298243
53.969524 -6.992992 1.865118
55.061489 -6.912573 1.453040
56.157764 -6.753891 1.061171
57.257549 -6.539315 0.685805
58.359856 -6.287506 0.321664
59.463696 -6.012712 -0.037256
60.568134 -5.724906 -0.397342
61.672226 -5.430343 -0.765329
62.774857 -5.132105 -1.148291
63.874546 -4.830407 -1.553316
64.969093 -4.522557 -1.986670
66.055222 -4.202738 -2.452471
67.128067 -3.861839 -2.951098
68.180695 -3.487637 -3.477805
69.203590 -3.065549 -4.022006
