44.764534 -4.632746 -3.635068
45.952393 -4.128704 -3.985563
47.085896 -3.522082 -4.209359
48.164497 -2.833462 -4.301522
49.193119 -2.087159 -4.260792
50.180649 -1.309548 -4.090192
51.137939 -0.527188 -3.797601
52.075859 0.235062 -3.396090
53.003647 0.955796 -2.903856
53.927929 1.618497 -2.343576
54.852348 2.212489 -1.741093
55.777790 2.733222 -1.123436
56.703056 3.181758 -0.516359
57.625755 3.563452 0.058274
58.543259 3.885984 0.584810
59.453491 4.157043 1.055356
60.355400 4.382079 1.470193
61.249043 4.562562 1.836897
62.135300 4.695067 2.168282
63.015217 4.771385 2.479528
63.889244 4.779604 2.785044
64.756363 4.705947 3.095631
65.613426 4.536976 3.416484
66.454613 4.261742 3.746341
67.271225 3.873485 4.077871
68.051758 3.370631 4.399116
68.782143 2.756991 4.695580
69.446198 2.041279 4.952518
70.026230 1.236155 5.156945
70.503708 0.357085 5.299079
70.860176 -0.578736 5.373117
71.078339 -1.553220 5.377413
71.143494 -2.547903 5.314266
71.045219 -3.544183 5.189498
70.779175 -4.523414 5.011977
70.348671 -5.467023 4.793088
69.765556 -6.356888 4.546106
69.050087 -7.176065 4.285379
68.229340 -7.909914 4.025279
67.334488 -8.547421 3.778982
66.397232 -9.082422 3.557287
65.446213 -9.514382 3.367663
64.504120 -9.848408 3.213796
63.586117 -10.094453 3.095714
62.699768 -10.265833 3.010442
61.846230 -10.377402 2.953014
61.022205 -10.443786 2.917578
60.222023 -10.478003 2.898357
59.439449 -10.490662 2.890312
58.668842 -10.489734 2.889478
57.905769 -10.480762 2.892994
57.147102 -10.467319 2.898969
56.390831 -10.451551 2.906239
55.635765 -10.434649 2.914149
54.881264 -10.417231 2.922353
54.127014 -10.399594 2.930683
53.372860 -10.381870 2.939063
52.618748 -10.364115 2.947461
51.864647 -10.346349 2.955866
51.110546 -10.328579 2.964273
50.356449 -10.310808 2.972681
49.602356 -10.293037 2.981088
48.848259 -10.275267 2.989496
48.094162 -10.257497 2.997903
47.340069 -10.239726 3.006311
46.585972 -10.221955 3.014718
45.831875 -10.204185 3.023126
45.077778 -10.186414 3.031533
44.323685 -10.168643 3.039941
43.569588 -10.150872 3.048349
42.815491 -10.133101 3.056756
42.061394 -10.115331 3.065164
41.307301 -10.097561 3.073571
40.553204 -10.079791 3.081979
39.799110 -10.062020 3.090386
39.045013 -10.044250 3.098794
38.290916 -10.026479 3.107202
37.536819 -10.008708 3.115609
36.782722 -9.990937 3.124017
36.028629 -9.973166 3.132424
35.274532 -9.955396 3.140831
34.520435 -9.937625 3.149239
33.766342 -9.919854 3.157647
33.012245 -9.902084 3.166054
32.258148 -9.884314 3.174462
31.504053 -9.866543 3.182869
30.749956 -9.848773 3.191276
29.995850 -9.831006 3.199680
29.241726 -9.813249 3.208078
28.487549 -9.795519 3.216455
27.733217 -9.777863 3.224778
26.978495 -9.760391 3.232961
26.222858 -9.743349 3.240817
25.465202 -9.727238 3.247955
24.703384 -9.712997 3.253628
23.933558 -9.702278 3.256497
23.149288 -9.697731 3.254346
22.340599 -9.703281 3.243773
21.493177 -9.724230 3.219947
20.588057 -9.767025 3.176548
19.602236 -9.838577 3.106018
18.510447 -9.945017 3.000177
17.288137 -10.090044 2.851223
15.915298 -10.273109 2.652933
14.380451 -10.487887 2.401844
12.683823 -10.721449 2.098100
10.838993 -10.954492 1.745753
8.872356 -11.162673 1.352383
6.820591 -11.318855 0.928150
4.726570 -11.395816 0.484493
2.634586 -11.368894 0.032792
0.585945 -11.218135 -0.416726
-1.384506 -10.929627 -0.855657
-3.250401 -10.495992 -1.277594
-4.994434 -9.916125 -1.677882
-6.607750 -9.194428 -2.053088
-8.088528 -8.339745 -2.400326
-9.440201 -7.364234 -2.716591
-10.669582 -6.282331 -2.998187
-11.785248 -5.109858 -3.240340
-12.796223 -3.863362 -3.437000
-13.711033 -2.559648 -3.580844
-14.537102 -1.215495 -3.663485
-15.280434 0.152474 -3.675828
-15.945560 1.527823 -3.608575
-16.535503 2.894284 -3.452797
-17.052036 4.235719 -3.200551
-17.495777 5.536102 -2.845514
-17.866459 6.779560 -2.383541
-18.163204 7.950462 -1.813165
-18.384762 9.033596 -1.135970
-18.529758 10.014397 -0.356831
-18.597004 10.879239 0.515990
-18.585766 11.615783 1.470912
-18.495975 12.213318 2.493238
-18.328419 12.663127 3.565514
-18.084965 12.958817 4.667998
-17.768566 13.096610 5.779224
-17.383335 13.075551 6.876648
-16.934460 12.897654 7.937315
-16.428082 12.567932 8.938556
-15.871082 12.094337 9.858657
-15.270786 11.487589 10.677495
-14.634708 10.760913 11.377099
-13.970158 9.929691 11.942142
-13.283913 9.011045 12.360341
-12.581932 8.023374 12.622749
-11.869064 6.985872 12.723952
-11.148830 5.918049 12.662154
-10.423298 4.839275 12.439175
-9.693073 3.768374 12.060354
-8.957355 2.723288 11.534361
-8.214108 1.720805 10.872945
-7.460335 0.776381 10.090609
-6.692448 -0.095979 9.204242
-5.906643 -0.883768 8.232701
-5.099384 -1.575983 7.196364
-4.267830 -2.163113 6.116673
-3.410213 -2.637124 5.015658
-2.526188 -2.991489 3.915482
-1.616962 -3.221256 2.837988
-0.685352 -3.323196 1.804286
0.264362 -3.296018 0.834364
1.226814 -3.140648 -0.053259
2.195995 -2.860543 -0.841860
3.165924 -2.462017 -1.516810
4.131248 -1.954510 -2.065856
5.087948 -1.350756 -2.479410
6.033825 -0.666794 -2.750819
6.968906 0.078228 -2.876625
7.895630 0.862487 -2.856797
8.818775 1.662152 -2.694876
9.745186 2.452254 -2.398027
10.683304 3.207699 -1.976962
11.642376 3.904305 -1.445724
12.631512 4.519742 -0.821365
13.658512 5.034288 -0.123540
14.728764 5.431267 0.625945
15.844139 5.697230 1.403605
17.002443 5.821915 2.184791
18.197420 5.798191 2.944266
19.419474 5.622162 3.656887
20.656994 5.293597 4.298403
21.897997 4.816706 4.846346
23.131704 4.201102 5.280953
24.349792 3.462616 5.586035
25.547094 2.623556 5.749701
26.721783 1.712056 5.764896
27.875183 0.760370 5.629708
29.011377 -0.197704 5.347445
30.136692 -1.129787 4.926514
31.259153 -2.007603 4.380081
32.387775 -2.808752 3.725558
33.531734 -3.517175 2.983893
34.699303 -4.122329 2.178694
35.896576 -4.617464 1.335210
37.126225 -4.997661 0.479242
38.386364 -5.258319 -0.363923
39.670029 -5.394561 -1.170439
40.965454 -5.401678 -1.918600
42.257309 -5.276419 -2.589257
43.528858 -5.018631 -3.165979
