4.34073 -25.3804 -2.12761
3.88734 -25.4937 -1.95473
3.43079 -25.5959 -1.78377
2.97147 -25.6876 -1.61502
2.50923 -25.7692 -1.44966
2.04453 -25.8395 -1.2861
1.57758 -25.8977 -1.12423
1.1083 -25.9444 -0.965183
0.637226 -25.9791 -0.807982
0.164674 -26.0026 -0.652744
-0.309426 -26.0148 -0.500571
-0.784533 -26.016 -0.35078
-1.26021 -26.0061 -0.203054
-1.7366 -25.9852 -0.0586957
-2.21329 -25.9528 0.0825533
-2.68966 -25.9087 0.221779
-3.16543 -25.8526 0.358618
-3.64055 -25.7845 0.492134
-4.11469 -25.7047 0.622585
-4.58756 -25.6146 0.750873
-5.0591 -25.5144 0.876342
-5.52902 -25.4034 0.998256
-5.99674 -25.2807 1.11695
-6.46185 -25.1468 1.2333
-6.92453 -25.0031 1.34734
-7.38455 -24.8486 1.45806
-7.84139 -24.6827 1.56541
-8.2951 -24.5066 1.67045
-8.74532 -24.3206 1.77345
-9.19174 -24.1237 1.87351
-9.63464 -23.917 1.97065
-10.0735 -23.7001 2.06479
-10.5082 -23.4734 2.15674
-10.9386 -23.2373 2.24686
-11.364 -22.9915 2.33472
-11.7846 -22.7361 2.41967
-12.2001 -22.4712 2.50125
-12.6103 -22.1972 2.58026
-13.0149 -21.9143 2.65744
-13.4136 -21.6226 2.73277
-13.8063 -21.3222 2.80604
-14.1926 -21.0128 2.87624
-14.5725 -20.6948 2.9435
-14.9458 -20.3683 3.00797
-15.3123 -20.0336 3.07036
-15.6719 -19.6913 3.13152
-16.0248 -19.3417 3.1919
-16.3704 -18.9847 3.25117
-16.7086 -18.6205 3.30888
-17.0393 -18.249 3.3646
-17.3621 -17.8703 3.41816
-17.6769 -17.4847 3.46976
-17.9839 -17.0926 3.52008
-18.283 -16.6943 3.56992
-18.5741 -16.2902 3.62008
-18.8574 -15.8806 3.67071
-19.1325 -15.4657 3.72187
-19.3998 -15.0457 3.77352
-19.659 -14.6207 3.82498
-19.9104 -14.191 3.87578
-20.1536 -13.7566 3.92601
-20.3891 -13.3179 3.97588
-20.6163 -12.8748 4.02617
-20.8356 -12.4278 4.07741
-21.0467 -11.977 4.13019
-21.2497 -11.5227 4.18501
-21.4447 -11.0651 4.24185
-21.6312 -10.6041 4.30038
-21.8101 -10.1402 4.35974
-21.9812 -9.67344 4.41973
-22.1439 -9.2038 4.48052
-22.2989 -8.73169 4.54252
-22.4452 -8.25718 4.60658
-22.5824 -7.78031 4.67348
-22.7112 -7.30142 4.74294
-22.8317 -6.82064 4.81446
-22.943 -6.33791 4.8877
-23.0451 -5.85342 4.96258
-23.1386 -5.36752 5.03926
-23.2234 -4.88051 5.11844
-23.2989 -4.39259 5.20069
-23.3642 -3.90386 5.28627
-23.4189 -3.41436 5.37455
-23.463 -2.92423 5.46497
-23.4966 -2.43375 5.5577
-23.52 -1.94332 5.6536
-23.5332 -1.45326 5.75304
-23.5362 -0.963667 5.85533
-23.5293 -0.4746 5.95958
-23.5121 0.0136444 6.06591
-23.4842 0.500609 6.17522
-23.4452 0.985911 6.28784
-23.3946 1.46929 6.40343
-23.3321 1.95054 6.52142
-23.2575 2.42925 6.64227
-23.1716 2.90511 6.76654
-23.0753 3.37825 6.89336
-22.9684 3.84852 7.02204
-22.8499 4.31523 7.15313
-22.7195 4.77784 7.28713
-22.5778 5.23645 7.42332
-22.4252 5.69091 7.56134
-22.2609 6.14045 7.70171
-22.0852 6.58485 7.84439
-21.8988 7.02429 7.98851
-21.7009 7.45808 8.13419
-21.4921 7.88592 8.28217
-21.2721 8.3076 8.43158
-21.041 8.72276 8.58221
-20.7993 9.13104 8.7349
-20.5466 9.53215 8.88882
-20.2835 9.92606 9.0438
-20.0097 10.312 9.20031
-19.7256 10.6898 9.35815
-19.4312 11.0595 9.51648
-19.1268 11.4204 9.67597
-18.8128 11.7724 9.83655
-18.489 12.1153 9.99725
-18.1561 12.449 10.1589
-17.8143 12.773 10.3217
-17.4636 13.0873 10.4845
-17.1045 13.3919 10.6479
-16.7374 13.6862 10.8121
-16.3624 13.9705 10.9763
-15.9798 14.2442 11.141
-15.5902 14.5074 11.3065
-15.1937 14.7599 11.4721
-14.7905 15.0016 11.6378
-14.3813 15.2322 11.8041
-13.966 15.4516 11.9703
-13.5452 15.6598 12.1364
-13.1195 15.8572 12.3032
-12.6884 16.0431 12.4696
-12.2528 16.2179 12.6362
-11.8132 16.382 12.8036
-11.3691 16.5343 12.9708
-10.9213 16.6757 13.1382
-10.4704 16.8064 13.3066
-10.016 16.9256 13.4749
-9.55845 17.0328 13.6434
-9.09848 17.129 13.8128
-8.63621 17.2148 13.9824
-8.17194 17.2897 14.1521
-7.70607 17.3532 14.3226
-7.23844 17.4047 14.4929
-6.76946 17.4444 14.6631
-6.29959 17.4722 14.8337
-5.82887 17.4883 15.0039
-5.35774 17.4929 15.1741
-4.88663 17.486 15.3444
-4.41559 17.4675 15.5142
-3.94515 17.4371 15.6841
-3.47571 17.3947 15.8542
-3.00728 17.3401 16.0236
-2.54041 17.2731 16.193
-2.07541 17.1938 16.3624
-1.6122 17.103 16.5309
-1.15134 17.0005 16.6993
-0.69333 16.8859 16.8674
-0.238402 16.7584 17.0344
0.21277 16.6179 17.2011
0.65984 16.4648 17.3674
1.10252 16.2984 17.5325
1.54003 16.1186 17.697
1.97196 15.9255 17.8609
2.39795 15.7187 18.0232
2.81728 15.4983 18.1846
3.22924 15.2642 18.3453
3.63354 15.0163 18.5043
4.02958 14.7547 18.6618
4.41625 14.4792 18.818
4.79334 14.1898 18.9722
5.16021 13.8867 19.1242
5.51574 13.5698 19.2744
5.85994 13.2394 19.4217
6.19207 12.8957 19.5657
6.51105 12.5388 19.7068
6.81651 12.1691 19.8445
7.10778 11.7868 19.9779
7.38414 11.3924 20.1069
7.64458 10.9863 20.2319
7.889 10.569 20.3518
8.11677 10.141 20.466
8.32749 9.70302 20.5741
8.52003 9.25567 20.6767
8.69431 8.79978 20.7732
8.8499 8.33596 20.8623
8.98574 7.86475 20.9434
9.10191 7.3872 21.0164
9.19838 6.90439 21.0813
9.27433 6.41725 21.138
9.32868 5.92666 21.1866
9.36093 5.43363 21.2265
9.37096 4.93923 21.257
9.3588 4.44454 21.2773
9.32433 3.95071 21.287
9.26738 3.45891 21.2858
9.18846 2.97026 21.2732
9.08865 2.48573 21.2494
8.96896 2.00633 21.2146
8.8292 1.53331 21.1688
8.66899 1.06802 21.1119
8.48959 0.611238 21.0439
8.29157 0.164157 20.9643
8.07507 -0.271899 20.8724
7.84136 -0.696229 20.768
7.59086 -1.10772 20.6512
7.32469 -1.50591 20.5229
7.04352 -1.88968 20.3827
6.7485 -2.25822 20.2301
6.44041 -2.61086 20.0657
6.12025 -2.94696 19.8898
5.78926 -3.26576 19.702
5.44824 -3.56677 19.5027
5.09834 -3.8494 19.2922
4.7406 -4.11299 19.0702
4.376 -4.35756 18.8377
4.00547 -4.58226 18.5943
3.63009 -4.78753 18.3409
3.25098 -4.97259 18.0769
2.86924 -5.138 17.8032
2.48596 -5.28367 17.5199
2.10195 -5.4089 17.2273
1.71832 -5.51384 16.9258
1.33635 -5.5992 16.6156
0.956867 -5.66561 16.2973
0.580952 -5.71282 15.9712
0.209713 -5.74055 15.6374
-0.155961 -5.74906 15.2963
-0.515068 -5.73858 14.9481
-0.866685 -5.70953 14.5934
-1.20992 -5.66263 14.2323
-1.54402 -5.5987 13.8655
-1.86816 -5.51823 13.4931
-2.18134 -5.42116 13.1157
-2.48287 -5.30751 12.7337
-2.77187 -5.17787 12.3474
-3.04752 -5.03342 11.9571
-3.30937 -4.87453 11.5632
-3.55641 -4.70132 11.1662
-3.7885 -4.51515 10.7664
-4.00475 -4.31634 10.3641
-4.2049 -4.10568 9.95987
-4.38828 -3.88406 9.55394
-4.55409 -3.65174 9.14683
-4.70263 -3.40967 8.73907
-4.83308 -3.1584 8.33105
-4.94459 -2.89864 7.92301
-5.03756 -2.63078 7.51575
-5.11263 -2.35565 7.10982
-5.16989 -2.07377 6.70581
-5.20879 -1.78581 6.30411
-5.2288 -1.4924 5.90508
-5.22977 -1.19392 5.50932
-5.21188 -0.891067 5.11716
-5.17585 -0.584034 4.7292
-5.12248 -0.273081 4.34598
-5.05277 0.0415089 3.96789
-4.96736 0.359568 3.59539
-4.86651 0.680581 3.22869
-4.75034 1.0042 2.86808
-4.62002 1.33028 2.51368
-4.4772 1.65883 2.16542
-4.32252 1.98973 1.82348
-4.15687 2.3227 1.48768
-3.98205 2.65769 1.1575
-3.79899 2.99469 0.832893
-3.6089 3.3336 0.513444
-3.41323 3.67426 0.198499
-3.21278 4.01663 -0.112186
-3.00938 4.36068 -0.419625
-2.80378 4.70597 -0.724541
-2.59742 5.05242 -1.02774
-2.3917 5.39977 -1.33025
-2.18714 5.74771 -1.63257
-1.98525 6.09596 -1.93589
-1.78661 6.44413 -2.24082
-1.59221 6.79161 -2.54847
-1.40294 7.13786 -2.85972
-1.21905 7.48239 -3.17504
-1.04173 7.82444 -3.49577
-0.870883 8.16318 -3.82246
-0.706876 8.49782 -4.15574
-0.55075 8.82756 -4.49663
-0.402079 9.15149 -4.84546
-0.260553 9.46889 -5.20233
-0.126933 9.77883 -5.56796
-0.00122087 10.0803 -5.94275
0.117451 10.3728 -6.32639
0.229472 10.6552 -6.71908
0.334577 10.9267 -7.12093
0.432525 11.1866 -7.53198
0.52373 11.4342 -7.95204
0.609158 11.669 -8.38053
0.689533 11.8908 -8.81701
0.765103 12.0987 -9.26119
0.835671 12.2925 -9.71264
0.900535 12.4712 -10.1715
0.959955 12.6352 -10.637
1.01444 12.7844 -11.1085
1.06457 12.9182 -11.5856
1.11094 13.0368 -12.0676
1.15424 13.1408 -12.5539
1.19481 13.2304 -13.0436
1.23258 13.3049 -13.5366
1.26726 13.3636 -14.0322
1.29867 13.4061 -14.5301
1.32693 13.4325 -15.0297
1.35223 13.4428 -15.5305
1.37474 13.4371 -16.0318
1.39457 13.4152 -16.5332
1.41202 13.377 -17.034
1.42736 13.3223 -17.5337
1.44083 13.2514 -18.0318
1.45309 13.1652 -18.5279
1.46456 13.0644 -19.0216
1.47583 12.9487 -19.5122
1.48732 12.8171 -19.9988
1.49935 12.6697 -20.481
1.51241 12.5071 -20.9583
1.52709 12.3289 -21.4298
1.54385 12.1348 -21.8949
1.56323 11.9254 -22.3529
1.58593 11.6998 -22.8027
1.61229 11.4583 -23.2438
1.64278 11.2007 -23.675
1.67756 10.9268 -24.0953
1.71668 10.6369 -24.5038
1.76004 10.3311 -24.8994
1.80746 10.0093 -25.281
1.8582 9.67201 -25.6479
1.91191 9.31952 -25.9988
1.96836 8.95216 -26.3325
2.02761 8.57032 -26.6478
2.08995 8.1745 -26.9432
2.15573 7.76531 -27.2175
2.22509 7.34352 -27.4693
2.29733 6.91013 -27.6978
2.37151 6.46591 -27.9016
2.44663 6.01194 -28.0799
2.52194 5.54953 -28.2319
2.59735 5.07984 -28.3562
2.67287 4.60434 -28.4519
2.74833 4.12475 -28.5189
2.82281 3.64268 -28.5568
2.89454 3.15962 -28.565
2.96213 2.67722 -28.5429
3.02472 2.19727 -28.4906
3.08193 1.72163 -28.4084
3.13317 1.25226 -28.2963
3.17718 0.791095 -28.1542
3.21263 0.339887 -27.9827
3.23812 -0.0998771 -27.7833
3.25176 -0.526336 -27.5565
3.25222 -0.938148 -27.3038
3.23833 -1.33369 -27.0266
3.20918 -1.71188 -26.7268
3.1637 -2.07135 -26.4062
3.10133 -2.4113 -26.0669
3.02189 -2.73128 -25.7114
2.92483 -3.03047 -25.3416
2.80943 -3.30838 -24.96
2.67446 -3.56447 -24.5689
2.51962 -3.79884 -24.1706
2.3453 -4.01148 -23.7672
2.15128 -4.20324 -23.3613
1.9374 -4.37394 -22.9548
1.70423 -4.52422 -22.5497
1.45211 -4.65558 -22.148
1.18171 -4.76884 -21.7515
0.893191 -4.86392 -21.3618
0.587266 -4.94129 -20.9801
0.265028 -5.00194 -20.6075
-0.0727435 -5.0471 -20.2451
-0.425034 -5.07788 -19.8937
-0.790724 -5.09529 -19.5537
-1.16872 -5.10023 -19.2255
-1.55811 -5.09311 -18.9097
-1.9576 -5.07419 -18.606
-2.36605 -5.04355 -18.3143
-2.78251 -5.0011 -18.0348
-3.20578 -4.94658 -17.767
-3.63489 -4.87993 -17.5108
-4.06867 -4.80123 -17.2656
-4.50632 -4.71111 -17.0311
-4.94687 -4.6102 -16.8065
-5.38927 -4.49825 -16.5913
-5.83246 -4.37425 -16.3851
-6.27527 -4.23744 -16.187
-6.71728 -4.0885 -15.9969
-7.15754 -3.92751 -15.8138
-7.59484 -3.75319 -15.6372
-8.02857 -3.56558 -15.4669
-8.45795 -3.36507 -15.3018
-8.88189 -3.15077 -15.1416
-9.29997 -2.92298 -14.9861
-9.71114 -2.68148 -14.8344
-10.1147 -2.42651 -14.686
-10.5101 -2.1578 -14.5411
-10.8967 -1.87569 -14.3993
-11.2735 -1.58016 -14.2598
-11.64 -1.27149 -14.1223
-11.9957 -0.949828 -13.9871
-12.3401 -0.615759 -13.8534
-12.6725 -0.269659 -13.7208
-12.9928 0.0882616 -13.5897
-13.3003 0.457548 -13.4601
-13.5948 0.837582 -13.3309
-13.876 1.22771 -13.2021
-14.1436 1.62761 -13.0741
-14.3974 2.03664 -12.9465
-14.637 2.45413 -12.8183
-14.8626 2.87934 -12.6898
-15.0739 3.3121 -12.5613
-15.2711 3.75153 -12.4325
-15.4536 4.19712 -12.3025
-15.6213 4.64839 -12.1714
-15.775 5.1047 -12.0398
-15.9138 5.56561 -11.9072
-16.0376 6.03046 -11.7727
-16.1468 6.49871 -11.6367
-16.2422 6.96977 -11.4996
-16.3232 7.44309 -11.3608
-16.3892 7.91815 -11.22
-16.4401 8.3947 -11.078
-16.4759 8.87224 -10.9345
-16.4969 9.34999 -10.7887
-16.5037 9.82751 -10.6409
-16.4962 10.3044 -10.4913
-16.4745 10.7801 -10.3395
-16.4387 11.254 -10.185
-16.3884 11.726 -10.0288
-16.3238 12.1955 -9.87064
-16.2454 12.6619 -9.70984
-16.154 13.1253 -9.54701
-16.0501 13.585 -9.382
-15.9336 14.0407 -9.21443
-15.8039 14.492 -9.04516
-15.6612 14.9386 -8.87409
-15.507 15.3802 -8.70043
-15.3406 15.8167 -8.52502
-15.1619 16.2476 -8.34776
-14.972 16.6728 -8.1681
-14.7702 17.0919 -7.98705
-14.5572 17.5049 -7.80419
-14.3332 17.9113 -7.61958
-14.0981 18.3111 -7.434
-13.8524 18.7038 -7.24689
-13.5959 19.0893 -7.05877
-13.329 19.4674 -6.86986
-13.052 19.8374 -6.67976
-12.7648 20.1996 -6.48916
-12.4681 20.5536 -6.29771
-12.162 20.899 -6.10559
-11.8465 21.2358 -5.91342
-11.5219 21.5636 -5.72068
-11.1886 21.8822 -5.52792
-10.8465 22.1915 -5.33524
-10.496 22.4908 -5.14242
-10.1371 22.7804 -4.95023
-9.77014 23.0598 -4.75816
-9.39553 23.3291 -4.56668
-9.01339 23.5882 -4.37606
-8.62419 23.8367 -4.18578
-8.22801 24.0745 -3.99643
-7.82527 24.3015 -3.80791
-7.41618 24.5175 -3.62029
-7.00104 24.7229 -3.43417
-6.58014 24.9169 -3.24882
-6.15366 25.0997 -3.06488
-5.72203 25.272 -2.88268
-5.28541 25.4327 -2.70145
-4.84389 25.582 -2.52196
-4.39798 25.7206 -2.34437
-3.94798 25.848 -2.16836
-3.49398 25.9639 -1.99438
-3.0365 26.0687 -1.82209
-2.57588 26.163 -1.65187
-2.11226 26.2472 -1.48444
-1.64592 26.3203 -1.31918
-1.17713 26.3817 -1.15593
-0.706003 26.4313 -0.995235
-0.232981 26.469 -0.836694
0.241574 26.495 -0.680234
0.717571 26.5098 -0.526547
1.19468 26.5135 -0.375614
1.67248 26.506 -0.227112
2.15082 26.4873 -0.0815019
2.62939 26.4571 0.0611365
3.10771 26.4152 0.201373
3.58552 26.3612 0.338972
4.06273 26.2951 0.473226
4.53903 26.2173 0.604393
5.01413 26.1287 0.733073
5.48788 26.0296 0.858994
5.96004 25.9198 0.981616
6.43013 25.7984 1.10115
6.89776 25.6658 1.2182
7.36291 25.5228 1.33288
7.82538 25.3691 1.44444
8.28481 25.2041 1.55262
8.74105 25.0288 1.65831
9.19376 24.8432 1.76179
9.64263 24.647 1.86263
10.0877 24.4407 1.96042
10.5285 24.2239 2.0551
10.965 23.9974 2.14736
11.3968 23.7611 2.23753
11.8239 23.5154 2.32546
12.2459 23.2601 2.41055
12.6626 22.9954 2.4926
13.0738 22.7214 2.57199
13.4794 22.4386 2.64934
13.879 22.1469 2.72484
14.2725 21.8467 2.79831
14.6597 21.5376 2.86882
15.0405 21.22 2.93631
15.4148 20.8942 3.00124
15.7823 20.5602 3.06407
16.1428 20.2185 3.12555
16.4964 19.8694 3.18616
16.8428 19.5129 3.24565
17.1817 19.1492 3.30358
17.513 18.7781 3.35942
17.8366 18.3999 3.41298
18.152 18.0147 3.46462
18.4597 17.6229 3.515
18.7594 17.2249 3.56494
19.0512 16.821 3.615
19.3352 16.4116 3.6656
19.6111 15.9967 3.71692
19.8791 15.5767 3.76857
20.139 15.1516 3.8201
20.391 14.7216 3.87119
20.635 14.2869 3.92173
20.8712 13.8479 3.97194
21.0993 13.4047 4.02238
21.3197 12.9576 4.07375
21.5317 12.5067 4.12676
21.7357 12.0522 4.18173
21.9315 11.5945 4.23864
22.1189 11.1334 4.29723
22.2985 10.6692 4.35664
22.4703 10.2021 4.4166
22.6338 9.73218 4.4773
22.7894 9.25974 4.53927
22.9364 8.78486 4.60332
23.0743 8.30762 4.66995
23.2036 7.82836 4.73912
23.3245 7.34725 4.81033
23.4366 6.8643 4.88336
23.5394 6.37963 4.95802
23.6335 5.89353 5.03447
23.7188 5.40634 5.11335
23.7946 4.91823 5.19539
23.8602 4.42931 5.28085
23.9153 3.93966 5.36909
23.9599 3.44938 5.45946
23.9943 2.95874 5.55211
24.0185 2.46811 5.64768
24.0324 1.97781 5.74669
24.0363 1.48798 5.84859
24.0301 0.99868 5.95255
24.0134 0.510228 6.0588
23.986 0.023068 6.1682
23.9474 -0.462433 6.28104
23.8972 -0.946085 6.39678
23.8351 -1.42769 6.51489
23.7611 -1.90681 6.63595
23.6755 -2.38316 6.76026
23.5794 -2.85686 6.88695
23.4726 -3.32772 7.01559
23.3544 -3.79511 7.14668
23.2242 -4.25847 7.28062
23.0828 -4.71793 7.41677
22.9306 -5.17328 7.55494
22.7667 -5.62384 7.6955
22.5914 -6.06941 7.83827
22.4052 -6.50998 7.98255
22.2073 -6.94485 8.12859
21.9983 -7.3738 8.2768
21.778 -7.79657 8.42656
21.5466 -8.21284 8.57773
21.3045 -8.62224 8.73075
21.0513 -9.0245 8.88492
20.7874 -9.41941 9.0401
20.5128 -9.80638 9.19683
20.2278 -10.1852 9.35478
19.9325 -10.5557 9.51346
19.627 -10.9175 9.67313
19.312 -11.2704 9.83398
18.9873 -11.6141 9.99534
18.6533 -11.9485 10.1575
18.3104 -12.2733 10.3206
17.9586 -12.5882 10.4841
17.5985 -12.8933 10.6483
17.2302 -13.1881 10.8133
16.8541 -13.4726 10.9784
16.4703 -13.7467 11.144
16.0794 -14.01 11.3101
15.6815 -14.2628 11.4762
15.2772 -14.5048 11.6426
14.8668 -14.7358 11.8096
14.4503 -14.9559 11.9764
14.0282 -15.1648 12.1435
13.6011 -15.3628 12.3112
13.1688 -15.5491 12.4788
12.7318 -15.7244 12.6465
12.2906 -15.8886 12.8146
11.845 -16.041 12.9825
11.3958 -16.1825 13.1507
10.9436 -16.3131 13.3195
10.4879 -16.432 13.4883
10.0293 -16.5391 13.6574
9.56831 -16.6353 13.8271
9.1051 -16.7208 13.9967
8.64004 -16.7954 14.1667
8.17341 -16.8585 14.3371
7.70509 -16.9095 14.5071
7.23556 -16.9486 14.6773
6.7652 -16.9757 14.8479
6.29407 -16.9911 15.0181
5.82261 -16.9949 15.1883
5.35122 -16.9871 15.3588
4.8799 -16.9675 15.5287
4.40917 -16.9362 15.6986
3.93934 -16.8928 15.8685
3.47057 -16.8371 16.0379
3.00341 -16.7689 16.2073
2.53811 -16.6885 16.3766
2.07467 -16.5965 16.5452
1.61365 -16.4927 16.7137
1.15549 -16.3765 16.8818
0.700545 -16.2473 17.049
0.249367 -16.1053 17.2159
-0.197864 -15.9508 17.3822
-0.640616 -15.783 17.5474
-1.07816 -15.6019 17.7121
-1.51017 -15.4074 17.8759
-1.93619 -15.1993 18.0383
-2.35547 -14.9777 18.2
-2.76737 -14.7421 18.3606
-3.1715 -14.4928 18.5196
-3.56707 -14.2295 18.6773
-3.95336 -13.9524 18.8335
-4.33003 -13.6613 18.9873
-4.69635 -13.3564 19.1389
-5.05128 -13.0377 19.2886
-5.39461 -12.7054 19.4353
-5.72564 -12.3597 19.5789
-6.04336 -12.0009 19.7198
-6.34739 -11.6292 19.8571
-6.63727 -11.245 19.9901
-6.91216 -10.8488 20.119
-7.17122 -10.441 20.2437
-7.414 -10.0221 20.3633
-7.64 -9.59252 20.477
-7.84872 -9.15311 20.5848
-8.03914 -8.70446 20.6873
-8.21135 -8.24737 20.7833
-8.36474 -7.78244 20.872
-8.49848 -7.31034 20.9526
-8.61269 -6.83209 21.025
-8.7072 -6.34875 21.0892
-8.78088 -5.86115 21.1452
-8.8327 -5.37022 21.1931
-8.8623 -4.87695 21.2321
-8.86972 -4.38241 21.2614
-8.85496 -3.88769 21.2805
-8.81792 -3.39392 21.2888
-8.75852 -2.90228 21.2858
-8.67707 -2.4139 21.2717
-8.57485 -1.92971 21.2464
-8.45266 -1.45075 21.2102
-8.31011 -0.978334 21.1628
-8.14724 -0.513678 21.1044
-7.96533 -0.0575708 21.0348
-7.76477 0.388776 20.9537
-7.54604 0.824144 20.8605
-7.31015 1.2476 20.7545
-7.05762 1.65816 20.6362
-6.78953 2.05528 20.5063
-6.50659 2.43781 20.3643
-6.20966 2.80483 20.2099
-5.89981 3.15589 20.0437
-5.57784 3.4901 19.8658
-5.24497 3.80685 19.6759
-4.90208 4.10571 19.4747
-4.5502 4.38595 19.262
-4.19047 4.64721 19.038
-3.82403 4.88938 18.8032
-3.45188 5.112 18.5578
-3.0751 5.31487 18.3022
-2.69475 5.49743 18.0362
-2.31202 5.66012 17.7605
-1.92791 5.80281 17.4753
-1.54341 5.925 17.1808
-1.15944 6.02694 16.8776
-0.777294 6.10938 16.5658
-0.397913 6.17281 16.246
-0.0222976 6.21699 15.9184
0.348521 6.24184 15.5833
0.713609 6.24748 15.241
1.07201 6.23414 14.8918
1.42278 6.20242 14.5361
1.76502 6.15308 14.1743
2.09781 6.08679 13.8065
2.42036 6.00389 13.4333
2.73173 5.90444 13.055
3.03114 5.78831 12.6721
3.31807 5.65632 12.2852
3.59158 5.50956 11.8942
3.85099 5.34835 11.4998
4.09545 5.17301 11.1022
4.32484 4.98481 10.7018
4.5382 4.78398 10.2991
4.73536 4.57131 9.8945
4.9154 4.34749 9.4883
5.07793 4.11306 9.08103
5.22328 3.86894 8.67328
5.35043 3.61577 8.26527
5.4588 3.35436 7.85727
5.54891 3.08508 7.45013
5.62113 2.80858 7.04443
5.67527 2.52544 6.64071
5.71098 2.23623 6.23941
5.72791 1.94172 5.84086
5.72604 1.6423 5.44562
5.7055 1.33861 5.05406
5.66691 1.03087 4.66677
5.61108 0.719263 4.28434
5.53892 0.404061 3.90714
5.45124 0.0855124 3.53555
5.34806 -0.235824 3.16976
5.22944 -0.559574 2.81003
5.09696 -0.885888 2.45654
4.95202 -1.21454 2.10909
4.79531 -1.54532 1.76776
4.62803 -1.87836 1.43261
4.45168 -2.21344 1.10311
4.26718 -2.55043 0.779058
4.07611 -2.88957 0.460166
3.87976 -3.23054 0.145676
3.6789 -3.57323 -0.164721
3.47531 -3.91776 -0.471818
3.26979 -4.2636 -0.776479
3.06361 -4.6106 -1.07946
2.85816 -4.95849 -1.38181
2.65408 -5.30691 -1.68414
2.45267 -5.6555 -1.98758
2.25456 -6.00379 -2.29281
2.061 -6.35137 -2.60092
1.8726 -6.69756 -2.9128
1.68981 -7.0419 -3.22895
1.51381 -7.38366 -3.55065
1.34431 -7.72189 -3.87851
1.1817 -8.05585 -4.21311
1.02683 -8.38477 -4.5553
0.879247 -8.70763 -4.90547
0.738902 -9.02365 -5.2639
0.606645 -9.33208 -5.63115
0.482281 -9.63188 -6.0076
0.36483 -9.92253 -6.39288
0.253882 -10.203 -6.78711
0.150006 -10.4725 -7.19062
0.053261 -10.7303 -7.60326
-0.0369865 -10.9757 -8.02484
-0.121773 -11.2084 -8.4547
-0.201579 -11.4278 -8.8926
-0.276505 -11.6335 -9.3381
-0.346284 -11.825 -9.79093
-0.410393 -12.0015 -10.251
-0.469241 -12.1634 -10.7175
-0.523227 -12.3103 -11.1899
-0.572933 -12.4417 -11.6679
-0.61901 -12.5577 -12.1507
-0.662054 -12.659 -12.6377
-0.702383 -12.7458 -13.1281
-0.739873 -12.8173 -13.6216
-0.774283 -12.8729 -14.1177
-0.805451 -12.9123 -14.616
-0.833345 -12.9356 -15.1159
-0.858116 -12.943 -15.6168
-0.880042 -12.9343 -16.1182
-0.899235 -12.9096 -16.6195
-0.916013 -12.8685 -17.1202
-0.930624 -12.811 -17.6198
-0.943541 -12.7375 -18.1176
-0.955369 -12.6489 -18.6134
-0.966619 -12.5457 -19.1066
-0.977593 -12.4273 -19.5965
-0.988798 -12.2929 -20.0824
-1.00075 -12.1429 -20.5638
-1.01394 -11.9779 -21.0402
-1.02898 -11.7971 -21.5107
-1.04632 -11.6003 -21.9745
-1.06634 -11.388 -22.4311
-1.0896 -11.1596 -22.8794
-1.11655 -10.9153 -23.3187
-1.14757 -10.6548 -23.748
-1.18283 -10.3784 -24.1664
-1.22256 -10.0858 -24.5727
-1.26651 -9.77738 -24.9661
-1.31429 -9.45312 -25.3454
-1.3655 -9.11325 -25.7095
-1.41972 -8.75815 -26.0574
-1.47681 -8.38814 -26.3878
-1.53682 -8.00371 -26.6995
-1.60003 -7.60553 -26.9913
-1.66682 -7.19425 -27.2618
-1.73717 -6.77047 -27.5096
-1.81021 -6.33513 -27.7337
-1.88486 -5.88904 -27.9329
-1.96017 -5.43338 -28.1066
-2.0357 -4.96939 -28.2535
-2.11134 -4.49831 -28.3725
-2.18713 -4.02173 -28.4629
-2.26272 -3.54135 -28.5248
-2.33694 -3.05875 -28.5576
-2.40825 -2.57543 -28.5605
-2.47517 -2.09306 -28.5331
-2.53705 -1.61345 -28.4754
-2.59335 -1.13848 -28.3876
-2.64332 -0.670075 -28.2699
-2.68587 -0.210157 -28.1221
-2.71978 0.239615 -27.9455
-2.74341 0.677611 -27.741
-2.75485 1.10201 -27.5093
-2.75296 1.5114 -27.252
-2.73638 1.90422 -26.9704
-2.70415 2.27941 -26.6666
-2.65556 2.63578 -26.3424
-2.58999 2.97236 -25.9998
-2.50725 3.28867 -25.6413
-2.40675 3.58395 -25.2689
-2.28761 3.85776 -24.885
-2.14866 4.10986 -24.4921
-1.98989 4.34015 -24.0924
-1.81151 4.5488 -23.6881
-1.61326 4.7365 -23.2818
-1.39525 4.90319 -22.8752
-1.15796 5.04975 -22.4705
-0.901949 5.17769 -22.0696
-0.627573 5.28754 -21.6743
-0.335408 5.37926 -21.286
-0.0259201 5.45341 -20.906
0.299888 5.51107 -20.5355
0.640888 5.55355 -20.1753
0.996033 5.58195 -19.826
1.36431 5.59708 -19.4882
1.74467 5.5996 -19.1624
2.1361 5.59009 -18.8488
2.53745 5.56876 -18.5475
2.94754 5.53567 -18.2582
3.36541 5.49083 -17.9811
3.7899 5.43389 -17.7157
4.22009 5.36477 -17.462
4.65475 5.28375 -17.2191
5.0931 5.19152 -16.9866
5.53415 5.08861 -16.7639
5.97698 4.97439 -16.5505
6.42037 4.84772 -16.346
6.86327 4.70833 -16.1494
7.30518 4.55676 -15.9605
7.745 4.39275 -15.7783
8.18175 4.21542 -15.6026
8.61496 4.02501 -15.4332
9.04357 3.82143 -15.269
9.46666 3.60414 -15.1098
9.88374 3.37342 -14.9552
10.2937 3.1289 -14.8043
10.6958 2.87082 -14.6566
11.0895 2.59898 -14.5125
11.4743 2.31382 -14.3712
11.8493 2.01531 -14.2321
12.2139 1.70378 -14.0953
12.5678 1.37947 -13.9605
12.9101 1.04272 -13.8273
13.2403 0.694044 -13.695
13.5583 0.333712 -13.5641
13.8635 -0.0378435 -13.4345
14.1555 -0.420027 -13.3051
14.4342 -0.812201 -13.1761
14.6993 -1.21402 -13.0477
14.9505 -1.62483 -12.9197
15.1876 -2.04396 -12.7912
15.4106 -2.47083 -12.6625
15.6189 -2.90521 -12.5338
15.813 -3.34621 -12.4048
15.9923 -3.79329 -12.2746
16.1571 -4.24586 -12.1434
16.3076 -4.70338 -12.0117
16.4429 -5.16539 -11.8786
16.5633 -5.63123 -11.744
16.6694 -6.10036 -11.6082
16.7615 -6.57217 -11.4713
16.8391 -7.04606 -11.3325
16.9016 -7.52161 -11.1916
16.9488 -7.99857 -11.0495
16.9812 -8.4763 -10.9057
16.999 -8.95409 -10.7594
17.0026 -9.43158 -10.6111
16.9919 -9.90837 -10.461
16.9671 -10.3838 -10.3085
16.9279 -10.8575 -10.1536
16.8742 -11.3291 -9.99707
16.8062 -11.7981 -9.83834
16.7246 -12.264 -9.67697
16.6302 -12.7268 -9.51356
16.5234 -13.1859 -9.34775
16.4039 -13.6408 -9.17936
16.2711 -14.0914 -9.00939
16.1258 -14.5373 -8.83729
15.9688 -14.9782 -8.66267
15.7994 -15.4139 -8.48648
15.6182 -15.8441 -8.30825
15.4258 -16.2685 -8.12797
15.2216 -16.6869 -7.94639
15.0064 -17.099 -7.76286
14.7799 -17.5044 -7.57786
14.5423 -17.903 -7.3918
14.294 -18.2943 -7.20414
14.035 -18.6783 -7.01564
13.7658 -19.0549 -6.82616
13.4864 -19.4235 -6.63569
13.197 -19.784 -6.44477
12.8979 -20.1361 -6.25298
12.5892 -20.4796 -6.0607
12.2713 -20.8144 -5.86824
11.9444 -21.1401 -5.6754
11.6084 -21.4566 -5.4828
11.2638 -21.7635 -5.29002
10.9108 -22.0606 -5.09728
10.5496 -22.348 -4.90506
10.1806 -22.6252 -4.71288
9.80382 -22.8922 -4.52142
9.4197 -23.1488 -4.3306
9.02854 -23.3949 -4.14026
8.63052 -23.6303 -3.95104
8.22607 -23.8549 -3.76244
7.81535 -24.0685 -3.57488
7.39868 -24.2714 -3.38879
6.97633 -24.4629 -3.20373
6.54854 -24.6435 -3.02045
6.11578 -24.8134 -2.83878
5.67829 -24.9716 -2.65829
5.23634 -25.1189 -2.47969
4.79041 -25.2553 -2.30278
