-1.	1.2246467991473532e-16	3.141592653589793
-0.9999500004166653	0.009999833334166574	3.1315926535897933
-0.9998000066665778	0.01999866669333322	3.121592653589793
-0.9995500337489875	0.029995500202495588	3.1115926535897933
-0.9992001066609779	0.03998933418663432	3.101592653589793
-0.9987502603949663	0.049979169270678275	3.0915926535897933
-0.9982005399352042	0.059964006479444776	3.081592653589793
-0.9975510002532796	0.06994284733753273	3.0715926535897933
-0.9968017063026193	0.07991469396917288	3.061592653589793
-0.9959527330119943	0.08987854919801103	3.0515926535897933
-0.9950041652780257	0.09983341664682836	3.041592653589793
-0.9939560979566968	0.10977830083717481	3.0315926535897932
-0.9928086358538663	0.11971220728891958	3.021592653589793
-0.9915618937147881	0.1296341426196949	3.0115926535897932
-0.9902159962126371	0.13954311464423672	3.001592653589793
-0.9887710779360422	0.14943813247359924	2.991592653589793
-0.9872272833756269	0.15931820661424623	2.981592653589793
-0.9855847669095607	0.16918234906699606	2.971592653589793
-0.9838436927881213	0.17902957342582446	2.961592653589793
-0.9820042351172703	0.18885889497650066	2.951592653589793
-0.9800665778412416	0.19866933079506152	2.941592653589793
-0.9780309147241483	0.20845989984609967	2.931592653589793
-0.9758974493306054	0.21822962308086963	2.921592653589793
-0.9736663950053748	0.2279775235351885	2.911592653589793
-0.9713379748520296	0.2377026264271349	2.901592653589793
-0.9689124217106447	0.24740395925452305	2.891592653589793
-0.9663899781345132	0.257080551892155	2.8815926535897933
-0.9637708963658905	0.26673143668883126	2.871592653589793
-0.9610554383107709	0.2763556485641141	2.861592653589793
-0.9582438755126971	0.2859522251048357	2.851592653589793
-0.955336489125606	0.29552020666133955	2.8415926535897933
-0.9523335698857134	0.30505863644344366	2.831592653589793
-0.9492354180824408	0.3145665606161177	2.8215926535897933
-0.9460423435283869	0.32404302839486854	2.811592653589793
-0.9427546655283462	0.3334870921408144	2.8015926535897933
-0.9393727128473789	0.34289780745545156	2.791592653589793
-0.9358968236779348	0.35227423327509	2.7815926535897932
-0.9323273456060344	0.3616154319649622	2.771592653589793
-0.9286646355765102	0.3709204694129827	2.7615926535897932
-0.924909059857313	0.38018841512316165	2.751592653589793
-0.9210609940028851	0.3894183423086505	2.741592653589793
-0.917120822816605	0.3986093279844231	2.731592653589793
-0.9130889403123083	0.40776045305957026	2.721592653589793
-0.908965749674885	0.41687080242921104	2.711592653589793
-0.9047516632199634	0.42593946506599967	2.701592653589793
-0.9004471023526768	0.43496553411123046	2.691592653589793
-0.8960524975255252	0.44394810696551984	2.681592653589793
-0.8915682881953287	0.45288628537906855	2.671592653589793
-0.8869949227792842	0.46177917554148296	2.661592653589793
-0.8823328586101213	0.47062588817115836	2.651592653589793
-0.8775825618903726	0.4794255386042031	2.641592653589793
-0.8727445076457513	0.4881772468829074	2.6315926535897933
-0.8678191796776499	0.49688013784373686	2.621592653589793
-0.8628070705147608	0.5055333412048473	2.611592653589793
-0.857708681363824	0.5141359916531132	2.601592653589793
-0.8525245220595058	0.5226872289306591	2.5915926535897933
-0.847255111013416	0.5311861979208835	2.581592653589793
-0.8419009751622685	0.5396320487339696	2.571592653589793
-0.8364626499151868	0.5480239367918737	2.561592653589793
-0.8309406791001636	0.5563610229127838	2.5515926535897933
-0.8253356149096782	0.5646424733950355	2.541592653589793
-0.8196480178454795	0.5728674601004813	2.5315926535897932
-0.8138784566625338	0.5810351605373053	2.521592653589793
-0.8080275083121519	0.5891447579422695	2.5115926535897932
-0.8020957578842924	0.5971954413623922	2.501592653589793
-0.7960837985490558	0.6051864057360395	2.491592653589793
-0.789992231497365	0.613116851973434	2.481592653589793
-0.7838216658808492	0.6209859870365597	2.471592653589793
-0.7775727187509277	0.6287930240184687	2.461592653589793
-0.7712460149971065	0.636537182221968	2.451592653589793
-0.7648421872844883	0.6442176872376912	2.441592653589793
-0.7583618759905081	0.6518337710215367	2.431592653589793
-0.751805729140895	0.6593846719714731	2.4215926535897934
-0.7451744023448703	0.666869635003698	2.411592653589793
-0.7384685587295877	0.6742879116281453	2.401592653589793
-0.7316888688738208	0.6816387600233342	2.391592653589793
-0.7248360107409052	0.6889214451105513	2.3815926535897933
-0.7179106696109433	0.6961352386273568	2.371592653589793
-0.7109135380122771	0.7032794192004105	2.361592653589793
-0.703845315652236	0.7103532724176079	2.351592653589793
-0.6967067093471655	0.7173560908995227	2.3415926535897933
-0.6894984329517468	0.7242871743701427	2.331592653589793
-0.6822212072876133	0.7311458297268961	2.321592653589793
-0.6748757600712669	0.7379313711099629	2.311592653589793
-0.6674628258413081	0.7446431199708593	2.3015926535897933
-0.659983145884982	0.7512804051402928	2.291592653589793
-0.6524374681640518	0.757842562895277	2.2815926535897932
-0.644826547240001	0.7643289370255052	2.271592653589793
-0.6371511441985802	0.7707388788989693	2.2615926535897932
-0.6294120265736967	0.7770717475268241	2.251592653589793
-0.6216099682706644	0.7833269096274834	2.241592653589793
-0.6137457494888113	0.7895037396899506	2.231592653589793
-0.6058201566434628	0.795601620036366	2.221592653589793
-0.597833982287298	0.8016199408837773	2.211592653589793
-0.5897880250310982	0.8075581004051143	2.201592653589793
-0.5816830894638833	0.813415504789374	2.191592653589793
-0.5735199860724566	0.8191915683009984	2.181592653589793
-0.5652995311603544	0.82488571333845	2.1715926535897934
-0.5570225467662172	0.8304973704919705	2.161592653589793
-0.5486898605815873	0.8360259786005207	2.151592653589793
-0.5403023058681397	0.8414709848078966	2.141592653589793
-0.5318607213743556	0.8468318446180152	2.1315926535897933
-0.5233659512516494	0.852108021949363	2.121592653589793
-0.514818844969955	0.8572989891886036	2.111592653589793
-0.5062202572327783	0.8624042272433384	2.101592653589793
-0.497571047891727	0.8674232255940169	2.0915926535897933
-0.4888720818605274	0.8723554823449864	2.081592653589793
-0.48012422902853374	0.8772005042746818	2.071592653589793
-0.47132836417373986	0.8819578068849475	2.061592653589793
-0.4624853668753009	0.8866269144494873	2.0515926535897933
-0.4535961214255772	0.8912073600614354	2.041592653589793
-0.44466151674170645	0.8956986856800478	2.031592653589793
-0.435682446276712	0.9001004421765051	2.021592653589793
-0.4266598079301573	0.904412189378826	2.0115926535897932
-0.41759450395835784	0.9086334961158834	2.001592653589793
-0.40848744088415706	0.9127639402605212	1.991592653589793
-0.3993395294062731	0.916803108771767	1.9815926535897932
-0.39015168430823016	0.9207505977361357	1.9715926535897932
-0.38092482436688174	0.9246060124080203	1.9615926535897932
-0.3716598722605329	0.9283689672491667	1.9515926535897932
-0.3623577544766735	0.9320390859672264	1.9415926535897932
-0.35301940121933023	0.935616001553386	1.9315926535897932
-0.34364574631604694	0.9390993563190676	1.9215926535897931
-0.3342377271245025	0.9424888019316976	1.9115926535897931
-0.3247962844387761	0.9457839994495391	1.9015926535897931
-0.31532236239526856	0.9489846193555862	1.8915926535897931
-0.3058169083782892	0.9520903415905158	1.881592653589793
-0.2962808729253186	0.9551008555846923	1.871592653589793
-0.28671520963195535	0.958015860289225	1.861592653589793
-0.27712087505655747	0.9608350642060727	1.851592653589793
-0.26749882862458724	0.963558185417193	1.841592653589793
-0.25785003253266947	0.9661849516127341	1.831592653589793
-0.24817545165237279	0.9687151001182653	1.821592653589793
-0.23847605343372302	0.9711483779210446	1.811592653589793
-0.22875280780845927	0.9734845416953194	1.801592653589793
-0.21900668709304139	0.9757233578266591	1.791592653589793
-0.20923866589141915	0.9778646024353163	1.781592653589793
-0.19944972099757274	0.9799080613986143	1.771592653589793
-0.18964083129783413	0.9818535303723598	1.761592653589793
-0.17981297767299922	0.9837008148112766	1.751592653589793
-0.16996714290024068	0.9854497299884603	1.741592653589793
-0.16010431155483115	0.9871001010138504	1.7315926535897932
-0.15022546991168573	0.9886517628517199	1.7215926535897932
-0.1403316058467366	0.9901045603371778	1.7115926535897932
-0.13042370873814543	0.9914583481916864	1.7015926535897932
-0.1205027693673665	0.9927129910375885	1.6915926535897932
-0.11056977982006946	0.9938683634116449	1.6815926535897932
-0.1006257333869316	0.9949243497775809	1.6715926535897931
-0.09067162446430956	0.99588084453764	1.6615926535897931
-0.0807084484548005	0.9967377520431434	1.6515926535897931
-0.07073720166770278	0.9974949866040544	1.6415926535897931
-0.060758881219385774	0.9981524724975481	1.631592653589793
-0.050774484933579056	0.998710143975583	1.621592653589793
-0.04078501124159091	0.999167945271476	1.611592653589793
-0.030791459082466	0.9995258306054791	1.601592653589793
-0.020794827803092306	0.999783764189357	1.591592653589793
-0.01079611705826727	0.9999417202299663	1.581592653589793
-0.0007963267107331408	0.9999996829318346	1.571592653589793
0.009203543268808458	0.9999576464987401	1.561592653589793
0.01920249290169277	0.9998156151342908	1.551592653589793
0.029199522301288937	0.9995736030415051	1.541592653589793
0.039193631772987826	0.9992316344213905	1.531592653589793
0.04918382191417067	0.998789743470524	1.521592653589793
0.05916909371414848	0.9982479743776325	1.511592653589793
0.06914844865406229	0.9976063813191737	1.501592653589793
0.07912088880673421	0.9968650284539188	1.491592653589793
0.0890854169364593	0.9960239899165367	1.481592653589793
0.09904103659872814	0.9950833498101802	1.4715926535897932
0.10898675223987124	0.994043202198076	1.4615926535897932
0.11892156929661234	0.9929036510941185	1.4515926535897932
0.12884449429552478	0.9916648104524686	1.4415926535897932
0.1387545349523777	0.990326804156158	1.4315926535897932
0.14865070027136376	0.9888897660047015	1.4215926535897931
0.15853200064419787	0.9873538397007164	1.4115926535897931
0.16839744794907713	0.9857191788355535	1.4015926535897931
0.17824605564949222	0.9839859468739369	1.3915926535897931
0.18807683889288024	0.9821543171376185	1.381592653589793
0.19788881460910915	0.9802244727880455	1.371592653589793
0.20768100160878394	0.9781966068080447	1.361592653589793
0.21745242068136478	0.9760709219825242	1.351592653589793
0.22720209469308722	0.9738476308781951	1.341592653589793
0.2369290486846748	0.9715269558223153	1.331592653589793
0.24663230996883415	0.9691091288804563	1.321592653589793
0.25631090822752284	0.9665943918332975	1.311592653589793
0.2659638756089805	0.9639829961524481	1.301592653589793
0.27559024682451305	0.9612752029752999	1.291592653589793
0.28518905924502097	0.9584712830789142	1.281592653589793
0.29475935299726114	0.9555715168529438	1.271592653589793
0.30430017105983354	0.9525761942715953	1.261592653589793
0.3138105593588826	0.9494856148646303	1.251592653589793
0.3232895668635037	0.9463000876874144	1.241592653589793
0.3327362456808455	0.9430199312900105	1.231592653589793
0.3421496511508983	0.9396454736853249	1.2215926535897932
0.35152884194095996	0.936177052316306	1.2115926535897932
0.36087288013976726	0.9326150140222005	1.2015926535897932
0.370180831351287	0.9289597150038693	1.1915926535897932
0.3794517647881546	0.9252115207881682	1.1815926535897932
0.3886847533647521	0.9213708061913953	1.1715926535897931
0.3978788737899161	0.9174379552818098	1.1615926535897931
0.4070332066592656	0.9134133613412252	1.1515926535897931
0.4161468365471425	0.9092974268256816	1.1415926535897931
0.4252188520981527	0.9050905633252008	1.1315926535897929
0.4342483461183006	0.9007931915226273	1.121592653589793
0.4432344156657094	0.8964057411515597	1.1115926535897929
0.45217616214091205	0.8919286509533796	1.101592653589793
0.46107269137671286	0.8873623686333755	1.0915926535897933
0.4699231137276023	0.882707350815974	1.081592653589793
0.4787265441587199	0.8779640629990781	1.0715926535897933
0.4874821023343595	0.8731329795075164	1.061592653589793
0.49618891270599896	0.8682145834456125	1.0515926535897933
0.5048461045998577	0.8632093666488737	1.041592653589793
0.5134528123039596	0.8581178296348089	1.0315926535897932
0.5220081751547074	0.8529404815528762	1.021592653589793
0.5305113376229449	0.8476778401335697	1.0115926535897932
0.5389614493995116	0.8423304316366456	1.001592653589793
0.5473576654802711	0.8368987907984977	0.9915926535897932
0.5556991462506128	0.8313834607786831	0.981592653589793
0.5639850575694102	0.825784993105608	0.9715926535897932
0.5722145708524369	0.8201039476213741	0.961592653589793
0.5803868631552219	0.8143408924257959	0.9515926535897932
0.5885011172553459	0.80849640381959	0.9415926535897929
0.59655652173416	0.8025710662467472	0.9315926535897932
0.6045522710579297	0.7965654722360864	0.9215926535897929
0.6124875656583852	0.7904802223420047	0.9115926535897931
0.6203616120126799	0.7843159250844198	0.9015926535897929
0.6281736227227391	0.7780731968879212	0.8915926535897931
0.6359228165940028	0.7717526620201256	0.8815926535897929
0.6436084187135406	0.7653549525292535	0.8715926535897931
0.6512296605275459	0.7588807081809217	0.8615926535897929
0.6587857799181878	0.7523305763941707	0.8515926535897931
0.6662760212798244	0.7457052121767199	0.8415926535897928
0.673699635594561	0.7390052780594708	0.8315926535897931
0.6810558805071526	0.7322314440302513	0.8215926535897933
0.6883440203992384	0.7253843874668194	0.811592653589793
0.6955633264629021	0.7184647930691261	0.8015926535897933
0.702713076773554	0.7114733527908442	0.791592653589793
0.7097925563621206	0.7044107657701761	0.7815926535897932
0.716801057286543	0.6972777382599377	0.771592653589793
0.7237378787025687	0.6900749835569363	0.7615926535897932
0.7306023269338373	0.6828032219306396	0.751592653589793
0.7373937155412456	0.675463180551151	0.7415926535897932
0.7441113653915926	0.6680555934164909	0.731592653589793
0.7507546047254909	0.6605812012792006	0.7215926535897932
0.7573227692245438	0.6530407515722647	0.711592653589793
0.7638152020777742	0.6454349983343707	0.7015926535897932
0.7702312540473075	0.6377647021345035	0.6915926535897929
0.7765702835332932	0.6300306299958921	0.6815926535897932
0.7828316566380654	0.6222335553193046	0.6715926535897929
0.7890147472295311	0.6143742578057116	0.6615926535897931
0.7951189370037843	0.6064535233783146	0.6515926535897929
0.8011436155469338	0.5984721441039564	0.6415926535897931
0.8070881803961463	0.5904309181139126	0.6315926535897929
0.8129520370998901	0.5823306495240818	0.6215926535897931
0.8187345992773819	0.5741721483545722	0.6115926535897929
0.8244352886772224	0.5659562304487027	0.6015926535897931
0.8300535352352224	0.5576837173914165	0.5915926535897928
0.8355887771314077	0.5493554364271266	0.5815926535897931
0.8410404608462015	0.5409722203769884	0.5715926535897933
0.8464080412157756	0.532534907555621	0.561592653589793
0.8516909814865656	0.524044341687276	0.5515926535897933
0.8568887533689473	0.515501371821464	0.541592653589793
0.8620008370900635	0.5069068522480533	0.5315926535897932
0.8670267214458025	0.49826164241183846	0.521592653589793
0.8719659038519165	0.4895666068265994	0.5115926535897932
0.8768178903942815	0.48082261498864814	0.501592653589793
0.8815821958782859	0.47203054128988253	0.4915926535897932
0.8862583438773521	0.46319126493034507	0.481592653589793
0.8908458667805765	0.45430566983030635	0.4715926535897932
0.8953443058394921	0.44537464454187103	0.46159265358979296
0.8997532112139414	0.4363990821601262	0.45159265358979317
0.9040721420170613	0.42737988023382967	0.44159265358979294
0.9083006663593702	0.41831794067565886	0.43159265358979315
0.9124383613919581	0.4092141696720172	0.4215926535897929
0.9164848133487694	0.4000694775924194	0.41159265358979313
0.9204396175879808	0.3908847788984521	0.4015926535897929
0.9243023786324636	0.38166099205233156	0.3915926535897931
0.9280727102093328	0.3723990394250552	0.3815926535897929
0.9317502352885723	0.3630998472041682	0.3715926535897931
0.9353345861207389	0.3537643453011426	0.36159265358979287
0.9388254042737363	0.3443934672583899	0.3515926535897931
0.9422223406686583	0.33498815015590455	0.34159265358979285
0.9455250556146959	0.3255493345175599	0.33159265358979306
0.9487332188431071	0.3160779642170537	0.3215926535897933
0.9518465095402424	0.3065749863835228	0.31159265358979304
0.9548646163796264	0.2970413513068323	0.30159265358979326
0.9577872375530904	0.2874780123425443	0.291592653589793
0.9606140808009523	0.27788592581658667	0.28159265358979324
0.9633448634412433	0.2682660509296178	0.271592653589793
0.9659793123979747	0.2586193496611107	0.2615926535897932
0.9685171642284467	0.24894678667315245	0.251592653589793
0.9709581651495905	0.2392493292139823	0.2415926535897932
0.9733020710633487	0.22952794702126408	0.23159265358979297
0.9755486475810827	0.21978361222511683	0.2215926535897932
0.9776976700470132	0.21001729925089901	0.21159265358979296
0.9797489235606843	0.2002299847217704	0.20159265358979317
0.9817022029984541	0.19042264736102693	0.19159265358979294
0.9835573130340064	0.1805962678942328	0.18159265358979315
0.9853140681578838	0.1707518289511452	0.17159265358979292
0.9869722926960376	0.16089031496745565	0.16159265358979313
0.9885318208273961	0.15101271208634373	0.1515926535897929
0.9899924966004455	0.1411200080598671	0.14159265358979312
0.9913541739488259	0.13121319215018368	0.13159265358979289
0.9926167167059371	0.12129325503062963	0.1215926535897931
0.9937799986185556	0.11136118868664946	0.11159265358979287
0.9948439033594595	0.10141798631660175	0.10159265358979308
0.9958083245390613	0.09146464223243664	0.09159265358979285
0.9966731657160466	0.08150215176026901	0.08159265358979306
0.9974383404070185	0.07153151114084313	0.07159265358979283
0.9981037720951457	0.06155371742991302	0.061592653589793045
0.9986693942378135	0.05156976839853451	0.05159265358979326
0.9991351502732795	0.041580662433290366	0.04159265358979303
0.9995009936263278	0.03158739843645377	0.03159265358979324
0.9997668877129284	0.021590975726095838	0.02159265358979301
0.9999328059438939	0.011592393936158154	0.011592653589793223
0.9999987317275395	0.0015926529164867057	0.0015926535897929917
0.999964658471342	-0.00840724736714874	-0.008407346410206795
0.9998305895825983	-0.01840630693305393	-0.018407346410207026
0.9995965384680858	-0.02840352588360391	-0.028407346410206813
0.9992625285327209	-0.0383979045052355	-0.038407346410207044
0.9988285931772186	-0.04838844336841427	-0.04840734641020683
0.9982947757947531	-0.05837414342758021	-0.05840734641020706
0.9976611297666176	-0.0683540061210479	-0.06840734641020685
0.9969277184568869	-0.07832703347086542	-0.07840734641020708
0.9960946152060809	-0.08829222818260772	-0.08840734641020687
0.9951619033238303	-0.0982485937451088	-0.0984073464102071
0.9941296760805463	-0.1081951345301085	-0.10840734641020688
0.9929980366980926	-0.11813085589181793	-0.11840734641020711
0.991767098339465	-0.1280547642663798	-0.1284073464102069
0.990436984097473	-0.13796586727122742	-0.13840734641020713
0.9890078269824328	-0.14786317380431863	-0.14840734641020692
0.9874797699088648	-0.15774569414324877	-0.15840734641020715
0.9858529656812031	-0.16761244004421844	-0.16840734641020694
0.9841275769785145	-0.1774624248408607	-0.17840734641020717
0.9823037763382316	-0.1872946635429033	-0.18840734641020696
0.9803817461388988	-0.19710817293466998	-0.19840734641020674
0.978361678581934	-0.20690197167339988	-0.20840734641020697
0.9762437756724098	-0.21667508038737973	-0.21840734641020676
0.9740282491988521	-0.22642652177388328	-0.228407346410207
0.9717153207120621	-0.23615532069689713	-0.23840734641020678
0.9693052215029608	-0.24586050428463715	-0.248407346410207
0.966798192579461	-0.25554110202683133	-0.2584073464102068
0.9641944846423656	-0.26519614587177354	-0.268407346410207
0.9614943580602988	-0.27482467032312413	-0.2784073464102068
0.9586980828436685	-0.28442571253646265	-0.28840734641020704
0.9558059386176664	-0.29399831241556773	-0.29840734641020683
0.9528182145943046	-0.30354151270842944	-0.30840734641020706
0.9497352095434961	-0.3130543591029703	-0.31840734641020685
0.9465572317631765	-0.3225359003224791	-0.3284073464102071
0.9432845990484757	-0.3319851882207342	-0.33840734641020687
0.9399176386599379	-0.34140127787682106	-0.3484073464102071
0.9364566872907963	-0.35078322768961995	-0.3584073464102069
0.9329020910333035	-0.36013009947196867	-0.3684073464102071
0.9292542053441232	-0.3694409585444772	-0.3784073464102069
0.9255133950087843	-0.37871487382899816	-0.38840734641020713
0.9216800341052033	-0.3879509179417304	-0.3984073464102069
0.9177545059662757	-0.3971481672859603	-0.40840734641020715
0.9137372031415446	-0.4063057021444169	-0.41840734641020694
0.9096285273579443	-0.41542260677124637	-0.42840734641020717
0.9054288894796296	-0.4244979694835827	-0.43840734641020696
0.9011387094668885	-0.43353088275271784	-0.44840734641020674
0.8967584163341469	-0.4425204432948526	-0.458407346410207
0.8922884481070683	-0.45146575216142326	-0.46840734641020676
0.8877292517787501	-0.4603659148289984	-0.478407346410207
0.883081283265026	-0.46922004128872724	-0.4884073464102068
0.8783450073588739	-0.478027246135343	-0.498407346410207
0.8735208976839378	-0.4867866486556995	-0.5084073464102068
0.8686094366471648	-0.49549737291684504	-0.518407346410207
0.863611115390566	-0.5041585478536116	-0.5284073464102068
0.8585264337421016	-0.5127693073557239	-0.538407346410207
0.8533559001656994	-0.5213287903544066	-0.5484073464102068
0.848100031710408	-0.5298361409084935	-0.5584073464102071
0.8427593539586935	-0.5382905082900177	-0.5684073464102068
0.8373344009738799	-0.5466910470692873	-0.5784073464102071
0.8318257152467455	-0.5550369171994239	-0.5884073464102069
0.8262338476412721	-0.5633272841003701	-0.5984073464102071
0.8205593573395606	-0.5715613187423438	-0.6084073464102069
0.8148028117859122	-0.5797381977287432	-0.6184073464102071
0.8089647866300854	-0.5878571033784828	-0.6284073464102069
0.8030458656697306	-0.5959172238077644	-0.6384073464102071
0.7970466407920116	-0.6039177530112607	-0.6484073464102069
0.7909677119144165	-0.6118578909427194	-0.6584073464102072
0.7848096869247677	-0.6197368435949633	-0.6684073464102069
0.7785731816204322	-0.6275538230792937	-0.6784073464102072
0.7722588196467436	-0.6353080477042757	-0.688407346410207
0.7658672324346373	-0.6429987420539088	-0.6984073464102067
0.7593990591375078	-0.6506251370651674	-0.708407346410207
0.7528549465672952	-0.658186470104905	-0.7184073464102068
0.7462355491298027	-0.6656819850461193	-0.728407346410207
0.7395415287592584	-0.6731109323435618	-0.7384073464102068
0.7327735548521204	-0.6804725691086941	-0.748407346410207
0.7259323042001401	-0.6877661591839739	-0.7584073464102068
0.7190184609226811	-0.6949909732164721	-0.768407346410207
0.7120327163983101	-0.7021462887308055	-0.7784073464102068
0.7049757691956576	-0.7092313902013861	-0.788407346410207
0.6978483250035638	-0.7162455691239706	-0.7984073464102068
0.6906510965605075	-0.7231881240865122	-0.8084073464102071
0.6833848035833362	-0.7300583608392996	-0.8184073464102068
0.6760501726952917	-0.7368555923643834	-0.8284073464102071
0.6686479373533512	-0.7435791389442746	-0.8384073464102069
0.6611788377748798	-0.750228328229919	-0.8484073464102071
0.6536436208636118	-0.7568024953079283	-0.8584073464102069
0.6460430401349587	-0.7633009827670735	-0.8684073464102067
0.6383778556406587	-0.7697231407640245	-0.8784073464102073
0.6306488338927753	-0.7760683270883324	-0.8884073464102071
0.6228567477870414	-0.7823359072266528	-0.8984073464102069
0.6150023765255743	-0.788525254426195	-0.9084073464102067
0.6070865055389544	-0.7946357497573975	-0.9184073464102074
0.5991099264076849	-0.8006667821758178	-0.9284073464102072
0.5910734367830313	-0.8066177485832405	-0.938407346410207
0.582977840307259	-0.8124880538879843	-0.9484073464102067
0.5748239465332691	-0.8182771110644104	-0.9584073464102065
0.5666125708436436	-0.8239843412116258	-0.9684073464102072
0.55834453436911	-0.8296091736113709	-0.978407346410207
0.550020663906425	-0.8351510457850936	-0.9884073464102068
0.5416417918356985	-0.8406094035501945	-0.9984073464102066
0.5332087560371542	-0.8459837010754465	-1.0084073464102072
0.5247223998073463	-0.8512734009355746	-1.018407346410207
0.5161835717748247	-0.8564779741650012	-1.0284073464102068
0.5075931258152772	-0.8615969003107405	-1.0384073464102066
0.4989519209661402	-0.8666296674844444	-1.0484073464102073
0.4902608213406993	-0.8715757724135882	-1.058407346410207
0.4815206960416737	-0.8764347204918015	-1.0684073464102068
0.4727324190743098	-0.8812060258283253	-1.0784073464102066
0.46389686925898005	-0.8858892112966027	-1.0884073464102073
0.4550149301433046	-0.8904838085819886	-1.098407346410207
0.4460874899137927	-0.8949893582285836	-1.1084073464102069
0.43711544130702773	-0.8994054096851777	-1.1184073464102067
0.42809968152039296	-0.9037315213503058	-1.1284073464102073
0.41904111212235545	-0.9079672606164054	-1.1384073464102071
0.4099406389623055	-0.9121122039130803	-1.148407346410207
0.40079917207997534	-0.916165936749455	-1.1584073464102067
0.3916176256144346	-0.920128053755624	-1.1684073464102074
0.38239691771268014	-0.923998158723188	-1.1784073464102072
0.3731379704378175	-0.9277758646448756	-1.188407346410207
0.3638417096768583	-0.9314607937532426	-1.1984073464102067
0.354509065048131	-0.9350525775584494	-1.2084073464102074
0.345140969808323	-0.9385508568851079	-1.2184073464102072
0.33573836075915064	-0.941955281908201	-1.228407346410207
0.3263021781536834	-0.9452655121880634	-1.2384073464102068
0.3168333656023184	-0.9484812167044256	-1.2484073464102066
0.30733286997841924	-0.9516020738895161	-1.2584073464102072
0.29780164132363296	-0.9546277716602164	-1.268407346410207
0.2882406327528815	-0.9575580074492712	-1.2784073464102068
0.2786508003590545	-0.9603924882355434	-1.2884073464102066
0.2690331031173989	-0.9631309305733167	-1.2984073464102073
0.259388502789626	-0.9657730606206388	-1.308407346410207
0.24971796382773048	-0.9683186141667072	-1.3184073464102068
0.2400224532775498	-0.9707673366582883	-1.3284073464102066
0.23030294068205856	-0.9731189832251739	-1.3384073464102073
0.22056039798441843	-0.9753733187046665	-1.348407346410207
0.21079579943077958	-0.9775301176650971	-1.3584073464102069
0.20101012147286024	-0.9795891644283669	-1.3684073464102067
0.19120434267030062	-0.9815502530915156	-1.3784073464102073
0.18137944359281127	-0.9834131875473108	-1.3884073464102071
0.17153640672211165	-0.9851777815038595	-1.398407346410207
0.16167621635368637	-0.9868438585032365	-1.4084073464102067
0.15179985849835456	-0.9884112519391306	-1.4184073464102074
0.14190832078367327	-0.9898798050735039	-1.4284073464102072
0.13200259235517015	-0.991249371052267	-1.438407346410207
0.1220836637774333	-0.9925198129199632	-1.4484073464102067
0.11215252693505387	-0.9936910036334645	-1.4584073464102074
0.10221017493344194	-0.9947628260746756	-1.4684073464102072
0.09225760199951154	-0.9957351730622453	-1.478407346410207
0.08229580338226226	-0.9966079473622855	-1.4884073464102068
0.07232577525325436	-0.9973810616980933	-1.4984073464102066
0.062348514606991534	-0.9980544387588794	-1.5084073464102072
0.052365019161225816	-0.9986280112074989	-1.518407346410207
0.042376287257181344	-0.9991017216871848	-1.5284073464102068
0.032383317759724604	-0.999475522827284	-1.5384073464102066
0.02238710995747702	-0.999749377247994	-1.5484073464102073
0.012388663462890437	-0.9999232575641009	-1.558407346410207
0.002388978112281416	-0.999997146387718	-1.5684073464102068
-0.007610946134148025	-0.9999710363300245	-1.5784073464102066
-0.01761010929230737	-0.9998449300020044	-1.5884073464102073
-0.027607511454211645	-0.9996188400141854	-1.598407346410207
-0.03760215288797668	-0.999292788975378	-1.6084073464102069
-0.04759303413778793	-0.9988668094904142	-1.6184073464102067
-0.05757915612384703	-0.9983409441568876	-1.6284073464102073
-0.06755952024227532	-0.9977152455608933	-1.6384073464102071
-0.07753312846497881	-0.9969897762717695	-1.648407346410207
-0.08749898343944651	-0.9961646088358407	-1.6584073464102067
-0.09745608858848674	-0.9952398257691626	-1.6684073464102074
-0.10740344820988036	-0.9942155195492713	-1.6784073464102072
-0.11734006757595558	-0.9930917926059354	-1.688407346410207
-0.12726495303305627	-0.9918687573109126	-1.6984073464102067
-0.1371771121009083	-0.990546535966713	-1.7084073464102074
-0.14707555357186325	-0.9891252607943698	-1.7184073464102072
-0.15695928761002353	-0.9876050739202152	-1.728407346410207
-0.1668273258502218	-0.9859861273616702	-1.7384073464102068
-0.1766786814968574	-0.9842685830120415	-1.7484073464102066
-0.18651236942257587	-0.9824526126243325	-1.7584073464102072
-0.1963274062667777	-0.9805383977940688	-1.768407346410207
-0.20612281053395845	-0.9785261299411385	-1.7784073464102068
-0.21589760269185426	-0.9764160102906497	-1.7884073464102066
-0.22565080526939582	-0.9742082498528091	-1.7984073464102073
-0.2353814429544513	-0.9719030694018207	-1.808407346410207
-0.24508854269136188	-0.9695006994538088	-1.8184073464102068
-0.25477113377824306	-0.967001380243766	-1.8284073464102066
-0.2644282479640559	-0.9644053617015305	-1.8384073464102073
-0.27405891954542755	-0.9617129034267934	-1.848407346410207
-0.28366218546322636	-0.9589242746631385	-1.8584073464102069
-0.29323708539886323	-0.9560397542711181	-1.8684073464102067
-0.3027826618703245	-0.9530596307003675	-1.8784073464102073
-0.3122979603279159	-0.9499842019607607	-1.8884073464102071
-0.32178202924972193	-0.9468137755926088	-1.898407346410207
-0.3312339202367538	-0.9435486686359066	-1.9084073464102067
-0.3406526881077902	-0.9401892075986283	-1.9184073464102074
-0.35003739099389125	-0.9367357284240789	-1.9284073464102072
-0.3593870904325898	-0.9331885764572976	-1.938407346410207
-0.3687008514617333	-0.9295481064105251	-1.9484073464102067
-0.3779777427129812	-0.925814682327732	-1.9584073464102074
-0.3872168365049373	-0.9219886775482162	-1.9684073464102072
-0.3964172089359226	-0.918070474669267	-1.978407346410207
-0.4055779399763608	-0.9140604655079069	-1.9884073464102068
-0.4146981135607819	-0.9099590510617106	-1.9984073464102066
-0.4237768176794283	-0.9057666414687044	-2.0084073464102072
-0.4328131444694522	-0.9014836559663548	-2.018407346410207
-0.44180619030570556	-0.8971105228496423	-2.028407346410207
-0.4507550558910989	-0.8926476794282346	-2.0384073464102066
-0.4596588463465319	-0.8880955719827542	-2.0484073464102073
-0.4685166713003772	-0.8834546557201531	-2.058407346410207
-0.4773276449775218	-0.8787253947281898	-2.068407346410207
-0.4860908862879403	-0.8739082619290224	-2.0784073464102066
-0.4948055189148052	-0.869003739031916	-2.0884073464102073
-0.5034706714021143	-0.8640123164850743	-2.098407346410207
-0.5120854772418408	-0.858934493426592	-2.108407346410207
-0.5206490749605795	-0.8537707776345433	-2.1184073464102067
-0.5291606082056958	-0.848521685476204	-2.1284073464102073
-0.5376192258309564	-0.8431877418564167	-2.138407346410207
-0.5460240819816484	-0.8377694801650977	-2.148407346410207
-0.5543743361791609	-0.8322674422239011	-2.1584073464102067
-0.5626691534050332	-0.8266821782320357	-2.1684073464102074
-0.5709077041844537	-0.821014246711247	-2.178407346410207
-0.5790891646692106	-0.8152642144499634	-2.188407346410207
-0.5872127167200732	-0.8094326564466194	-2.1984073464102067
-0.5952775479886069	-0.8035201558521552	-2.2084073464102074
-0.6032828519984039	-0.7975273039117042	-2.218407346410207
-0.6112278282257352	-0.7914546999054659	-2.228407346410207
-0.6191116821795988	-0.7853029510887805	-2.2384073464102068
-0.6269336254811689	-0.7790726726314031	-2.2484073464102066
-0.6346928759426347	-0.772764487555987	-2.2584073464102072
-0.6423886576454145	-0.7663790266757843	-2.268407346410207
-0.6500202010177518	-0.7599169285315609	-2.278407346410207
-0.6575867429116691	-0.7533788393277465	-2.2884073464102066
-0.665087526679283	-0.7467654128678123	-2.2984073464102073
-0.672521802248466	-0.7400773104888942	-2.308407346410207
-0.6798888261978572	-0.7333152009956564	-2.318407346410207
-0.6871878618312006	-0.726479760593413	-2.3284073464102066
-0.6944181792510163	-0.7195716728205074	-2.3384073464102073
-0.7015790554315862	-0.7125916284799614	-2.348407346410207
-0.7086697742912601	-0.7055403255703918	-2.358407346410207
-0.7156896267640611	-0.6984184692162135	-2.3684073464102067
-0.7226379108705923	-0.6912267715971264	-2.3784073464102073
-0.7295139317882321	-0.6839659518769006	-2.388407346410207
-0.7363170019206193	-0.6766367361314568	-2.398407346410207
-0.7430464409664099	-0.6692398572762619	-2.4084073464102067
-0.7497015759873078	-0.6617760549930368	-2.4184073464102074
-0.7562817414753557	-0.6542460756557913	-2.428407346410207
-0.7627862794194886	-0.6466506722561833	-2.438407346410207
-0.7692145393713327	-0.6389906043282236	-2.4484073464102067
-0.7755658785102502	-0.6312666378723208	-2.4584073464102074
-0.7818396617076189	-0.6234795452786852	-2.468407346410207
-0.7880352615903476	-0.6156301052500862	-2.478407346410207
-0.7941520586036113	-0.6077191027239857	-2.4884073464102068
-0.8001894410728058	-0.5997473287940437	-2.4984073464102066
-0.8061468052647157	-0.5917155806310093	-2.5084073464102072
-0.8120235554478855	-0.5836246614030072	-2.518407346410207
-0.8178191039521946	-0.575475380195217	-2.528407346410207
-0.823532871227622	-0.5672685519289685	-2.5384073464102066
-0.8291642859022024	-0.5590049972802487	-2.5484073464102073
-0.8347127848391599	-0.5506855425976375	-2.558407346410207
-0.8401778131932252	-0.5423110198196697	-2.568407346410207
-0.845558824466117	-0.5338822663916442	-2.5784073464102066
-0.8508552805611925	-0.5254001251818792	-2.5884073464102073
-0.8560666518372554	-0.5168654443974287	-2.598407346410207
-0.861192417161521	-0.5082790774992583	-2.608407346410207
-0.8662320639617282	-0.49964188311690233	-2.6184073464102067
-0.8711850882773975	-0.49095472496260084	-2.6284073464102073
-0.8760509948102237	-0.48221847174493143	-2.638407346410207
-0.8808292969736091	-0.47343399708193495	-2.648407346410207
-0.885519516941319	-0.46460217941375725	-2.6584073464102067
-0.8901211856952657	-0.4557239019148046	-2.6684073464102074
-0.8946338430724076	-0.4468000524054299	-2.678407346410207
-0.8990570378107678	-0.4378315232631468	-2.688407346410207
-0.903390327594559	-0.4288192113333958	-2.6984073464102067
-0.9076332790984136	-0.4197640178398588	-2.7084073464102074
-0.9117854680307166	-0.41066684829434075	-2.718407346410207
-0.9158464791760352	-0.4015286124062145	-2.728407346410207
-0.9198159064366391	-0.39235022399145375	-2.7384073464102068
-0.92369335287311	-0.38313260088125123	-2.7484073464102066
-0.9274784307440359	-0.3738766648302359	-2.7584073464102072
-0.9311707615447832	-0.3645833414243012	-2.768407346410207
-0.934769976045349	-0.35525355998804253	-2.778407346410207
-0.9382757143272826	-0.3458882534918287	-2.7884073464102066
-0.9416876258196777	-0.3364883584585041	-2.7984073464102073
-0.9450053693342275	-0.32705481486974053	-2.808407346410207
-0.9482286130993458	-0.31758856607203473	-2.818407346410207
-0.951357034793342	-0.308090558682378	-2.8284073464102066
-0.954390321576654	-0.29856174249359346	-2.8384073464102073
-0.9573281701231308	-0.289003070379361	-2.848407346410207
-0.9601702866503661	-0.27941549819892575	-2.858407346410207
-0.9629163869490756	-0.26979998470151606	-2.8684073464102067
-0.965566196411518	-0.2601574914304679	-2.8784073464102073
-0.9681194500589547	-0.2504889826270748	-2.888407346410207
-0.9705758925681492	-0.24079542513415905	-2.898407346410207
-0.9729352782968974	-0.23107778829939213	-2.9084073464102067
-0.9751973713085929	-0.22133704387835854	-2.9184073464102074
-0.977361945395819	-0.21157416593738493	-2.928407346410207
-0.9794287841029712	-0.20179013075612878	-2.938407346410207
-0.9813976807479009	-0.1919859167299549	-2.9484073464102067
-0.9832684384425847	-0.1821625042720949	-2.9584073464102074
-0.9850408701128117	-0.17232087571561014	-2.968407346410207
-0.9867147985168921	-0.16246201521515405	-2.978407346410207
-0.9882900562633804	-0.15258690864856103	-2.9884073464102068
-0.9897664858278149	-0.14269654351825758	-2.9984073464102075
-0.991143939568469	-0.1327919088525166	-3.0084073464102072
-0.9924222797411169	-0.12287399510654992	-3.018407346410207
-0.9936013785128064	-0.11294379406346725	-3.028407346410207
-0.994681117974643	-0.10300229873509772	-3.0384073464102066
-0.9956613901535805	-0.09305050326268878	-3.0484073464102073
-0.9965420970232175	-0.08308940281749629	-3.058407346410207
-0.9973231505136012	-0.07311999350126297	-3.068407346410207
-0.9980044725200334	-0.06314327224661265	-3.0784073464102066
-0.9985859949108813	-0.05316023671735601	-3.0884073464102073
-0.9990676595343903	-0.04317188520872856	-3.098407346410207
-0.9994494182244994	-0.03317921654755669	-3.108407346410207
-0.9997312328056579	-0.023183229992379328	-3.1184073464102067
-0.9999130750966423	-0.01318492513352113	-3.1284073464102073
-0.9999949269133752	-0.0031853017931378676	-3.138407346410207
-0.9999767800707431	0.006814640074770298	-3.148407346410207
-0.9998586363834151	0.016813900484349834	-3.1584073464102067
-0.9996405076656616	0.026811479517893363	-3.1684073464102074
-0.9993224157301724	0.036806377425827035	-3.178407346410207
-0.9989043923858761	0.046797594726690005	-3.188407346410207
-0.9983864794347589	0.056784132307078176	-3.1984073464102067
-0.9977687286676841	0.06676499152155647	-3.2084073464102074
-0.9970512018592136	0.07673917429251904	-3.218407346410207
-0.9962339707614306	0.08670568321000145	-3.228407346410207
-0.9953171170967635	0.09666352163141735	-3.2384073464102068
-0.9943007325498149	0.10661169378122368	-3.2484073464102075
-0.9931849187581926	0.11654920485049376	-3.2584073464102072
-0.9919697873023458	0.12647506109640283	-3.268407346410207
-0.9906554596944075	0.13638826994159778	-3.278407346410207
-0.9892420673660433	0.14628784007345508	-3.2884073464102066
-0.9877297516553079	0.15617278154321204	-3.2984073464102073
-0.9861186637925125	0.16604210586495735	-3.308407346410207
-0.9844089648851007	0.17589482611448412	-3.318407346410207
-0.9826008259015384	0.18572995702797798	-3.3284073464102066
-0.9806944276542171	0.19554651510054438	-3.3384073464102073
-0.9786899607813733	0.20534351868455472	-3.348407346410207
-0.9765876257280235	0.21511998808781566	-3.358407346410207
-0.9743876327259212	0.22487494567153385	-3.3684073464102067
-0.9720902017725331	0.2346074159480809	-3.3784073464102073
-0.9696955626090404	0.24431642567853784	-3.388407346410207
-0.9672039546973639	0.2540010039700233	-3.398407346410207
-0.9646156271962181	0.2636601823727785	-3.4084073464102067
-0.9619308389361961	0.27329299497701337	-3.4184073464102074
-0.9591498583938872	0.28289847850949307	-3.428407346410207
-0.9562729636650278	0.2924756724298698	-3.438407346410207
-0.9533004424366933	0.30202361902673247	-3.4484073464102067
-0.9502325919585293	0.3115413635133788	-3.4584073464102074
-0.9470697190130275	0.3210279541232899	-3.468407346410207
-0.9438121398848466	0.33048244220531103	-3.478407346410207
-0.9404601803291847	0.3399038823185128	-3.4884073464102068
-0.9370141755392037	0.3492913323267358	-3.4984073464102075
-0.9334744701125118	0.3586438534928005	-3.5084073464102072
-0.9298414180167014	0.36796051057238477	-3.518407346410207
-0.9261153825539545	0.3772403719075445	-3.528407346410207
-0.9222967363247125	0.38648250951987945	-3.5384073464102066
-0.9183858611904158	0.3956859992033309	-3.5484073464102073
-0.9143831482353193	0.4048499206165984	-3.558407346410207
-0.9102889977273828	0.4139733573751781	-3.568407346410207
-0.9061038190782451	0.42305539714299695	-3.5784073464102066
-0.9018280308022832	0.4320951317236473	-3.5884073464102073
-0.8974620604747624	0.44109165715120247	-3.598407346410207
-0.8930063446890766	0.4500440737806177	-3.608407346410207
-0.8884613290130914	0.4589514863776904	-3.6184073464102067
-0.8838274679445864	0.4678130042085844	-3.6284073464102073
-0.8791052248658079	0.4766277411288996	-3.638407346410207
-0.874295071997128	0.48539481567229037	-3.648407346410207
-0.8693974903498252	0.49411335113860827	-3.6584073464102067
-0.8644129696779824	0.5027824756815729	-3.6684073464102074
-0.8593420084295141	0.5114013223959525	-3.678407346410207
-0.8541851136963188	0.5199690294042588	-3.688407346410207
-0.8489428011635723	0.5284847399429309	-3.6984073464102067
-0.8436155950581591	0.5369476024480119	-3.7084073464102074
-0.838204028096251	0.5453567706403021	-3.718407346410207
-0.8327086414300345	0.5537114036099908	-3.728407346410207
-0.8271299845935965	0.5620106659007431	-3.7384073464102068
-0.8214686154479713	0.5702537275932468	-3.7484073464102075
-0.8157251001253568	0.5784397643882002	-3.7584073464102072
-0.8099000129724984	0.5865679576887465	-3.768407346410207
-0.8039939364932571	0.5946374946823287	-3.778407346410207
-0.7980074612903592	0.6026475684219724	-3.7884073464102066
-0.7919411860063358	0.6105973779069792	-3.7984073464102073
-0.7857957172636609	0.6184861281630241	-3.808407346410207
-0.7795716696040874	0.626313030321656	-3.818407346410207
-0.7732696654271943	0.6340773016991815	-3.8284073464102066
-0.7668903349281473	0.6417781658749339	-3.8384073464102073
-0.760434316034681	0.6494148527689113	-3.848407346410207
-0.7539022543433046	0.6569865987187892	-3.858407346410207
-0.7472948030547435	0.6644926465562822	-3.8684073464102067
-0.74061262290862	0.6719322456828623	-3.8784073464102073
-0.7338563821173812	0.679304652144815	-3.888407346410207
-0.7270267562994759	0.6866091287076386	-3.898407346410207
-0.720124428411794	0.6938449449297638	-3.9084073464102067
-0.7131500886813721	0.7010113772355988	-3.9184073464102074
-0.7061044345363725	0.7081077089878839	-3.928407346410207
-0.6989881705363375	0.715133230559358	-3.938407346410207
-0.6918020083017372	0.7220872394037184	-3.9484073464102067
-0.6845466664428058	0.7289690401258766	-3.9584073464102074
-0.6772228704876845	0.7357779445514937	-3.968407346410207
-0.6698313528098648	0.7425132717958018	-3.978407346410207
-0.6623728525549551	0.7491743483316895	-3.9884073464102068
-0.6548481155667649	0.7557605080570544	-3.9984073464102075
-0.6472578943127235	0.7622710923614113	-4.008407346410207
-0.6396029478086307	0.7687054501917558	-4.018407346410207
-0.6318840415427576	0.775062938117667	-4.028407346410207
-0.6241019473992986	0.7813429203956501	-4.038407346410207
-0.6162574435811822	0.787544769032711	-4.048407346410207
-0.6083513145322544	0.7936678638491532	-4.058407346410207
-0.6003843508588312	0.7997115925405982	-4.068407346410207
-0.5923573492506408	0.8056753507392133	-4.078407346410207
-0.584271112401154	0.8115585420741488	-4.088407346410207
-0.5761264489273189	0.8173605782311729	-4.098407346410207
-0.5679241732886947	0.8230808790115055	-4.108407346410207
-0.5596651057060104	0.8287188723898354	-4.118407346410207
-0.5513500720791406	0.8342739945715235	-4.128407346410207
-0.5429799039045206	0.83974569004898	-4.138407346410207
-0.5345554381919918	0.8451334116572173	-4.148407346410207
-0.5260775173811052	0.8504366206285645	-4.158407346410207
-0.5175469892568763	0.855654786646544	-4.168407346410207
-0.50896470686501	0.8607873878989017	-4.178407346410207
-0.5003315284265932	0.86583391112979	-4.188407346410207
-0.4916483172522753	0.8707938516910911	-4.198407346410207
-0.48291594165593693	0.8756667135928827	-4.208407346410207
-0.47413527486786233	0.8804520095530344	-4.218407346410207
-0.4653071949474124	0.8851492610459384	-4.228407346410207
-0.4564325846952224	0.8897579983503596	-4.238407346410207
-0.4475123315649213	0.8942777605964088	-4.2484073464102075
-0.43854732757439024	0.8987080958116269	-4.258407346410207
-0.4295384692165566	0.9030485609661848	-4.268407346410207
-0.42048665736974883	0.9072987220171841	-4.278407346410207
-0.41139279720760846	0.9114581539520613	-4.288407346410207
-0.4022577981085727	0.9155264408310897	-4.298407346410207
-0.39308257356494064	0.9195031758289707	-4.308407346410207
-0.3838680410915198	0.9233879612755189	-4.318407346410207
-0.37461512213387876	0.9271804086954271	-4.328407346410207
-0.3653247419762018	0.9308801388471136	-4.338407346410207
-0.35599782964876425	0.9344867817606461	-4.348407346410207
-0.3466353178350257	0.9379999767747389	-4.358407346410207
-0.33723814277836545	0.9414193725728183	-4.368407346410207
-0.3278072441884574	0.9447446272181541	-4.378407346410207
-0.3183435651473031	0.9479754081880525	-4.388407346410207
-0.3088480520149195	0.951111392407109	-4.398407346410207
-0.299321654334707	0.9541522662795149	-4.408407346410207
-0.289765324738494	0.9570977257204173	-4.418407346410207
-0.28018001885127825	0.9599474761863263	-4.428407346410207
-0.27056669519566	0.9627012327045701	-4.438407346410207
-0.2609263150959937	0.9653587199017919	-4.448407346410207
-0.25125984258225476	0.9679196720314865	-4.458407346410207
-0.24156824429364096	0.970383833000575	-4.468407346410207
-0.23185248938190403	0.9727509563950139	-4.478407346410207
-0.22211354941443864	0.9750208055044363	-4.488407346410207
-0.212352398277125	0.977193153345823	-4.4984073464102075
-0.20257001207694422	0.9792677826862001	-4.508407346410207
-0.1927673690443635	0.9812444860643621	-4.518407346410207
-0.18294544943551733	0.9831230658116188	-4.528407346410207
-0.17310523543418163	0.9849033340715608	-4.538407346410207
-0.1632477110535555	0.9865851128188459	-4.548407346410207
-0.15337386203786424	0.9881682338770004	-4.558407346410207
-0.14348467576378027	0.9896525389352381	-4.568407346410207
-0.13358114114169012	0.9910378795642898	-4.578407346410207
-0.12366424851680215	0.9923241172312475	-4.588407346410207
-0.11373498957011659	0.9935111233134158	-4.598407346410207
-0.10379435721925286	0.9945987791111761	-4.608407346410207
-0.0938433455191622	0.9955869758598548	-4.618407346410207
-0.08388294956272127	0.9964756147406006	-4.628407346410207
-0.07391416538122718	0.9972646068902659	-4.638407346410207
-0.0639379898447899	0.9979538734102932	-4.648407346410207
-0.053955420562649625	0.998543345374605	-4.658407346410207
-0.0439674557834149	0.999032963836496	-4.668407346410207
-0.03397509429524214	0.9994226798345279	-4.678407346410207
-0.023979335325952346	0.999712454397426	-4.688407346410207
-0.013981178443112665	0.9999022585479752	-4.698407346410207
-0.003981623454078728	0.9999920733059188	-4.708407346410207
0.0060183296939817195	0.9999818896898556	-4.718407346410207
0.016017681014088028	0.9998717087181389	-4.728407346410207
0.02601543057944095	0.9996615414087742	-4.738407346410207
0.036010578623416264	0.999351408778317	-4.7484073464102075
0.046002125639537074	0.998941341839772	-4.758407346410207
0.0559890724814289	0.9984313815994914	-4.768407346410207
0.06597042046273	0.9978215790530743	-4.778407346410207
0.07594517145696086	0.997111995180267	-4.7884073464102075
0.08591232799733257	0.9963027009388656	-4.798407346410207
0.09587089337649794	0.9953937772576199	-4.808407346410207
0.10581987174621779	0.9943853150281404	-4.818407346410207
0.11575826821694594	0.9932774150958098	-4.828407346410207
0.1256850889573182	0.9920701882496978	-4.838407346410207
0.13559934129353107	0.9907637552114835	-4.848407346410207
0.14550003380861365	0.9893582466233818	-4.858407346410207
0.155386176441565	0.9878538030350801	-4.868407346410207
0.16525678058636023	0.9862505748896837	-4.8784073464102065
0.17511085919081038	0.9845487225086711	-4.888407346410206
0.18494742685526838	0.9827484160758618	-4.898407346410208
0.1947654999311615	0.9808498356203995	-4.908407346410208
0.2045640966193655	0.9788531709987474	-4.918407346410207
0.2143422370683771	0.9767586218757035	-4.928407346410207
0.2240989434722998	0.974566397704435	-4.938407346410207
0.23383324016862375	0.972276717705532	-4.948407346410207
0.24354415373579125	0.9698898108450863	-4.9584073464102065
0.2532307130905379	0.9674059158117949	-4.968407346410206
0.26289194958500217	0.9648252809930908	-4.978407346410208
0.2725268971035821	0.9621481644503063	-4.988407346410208
0.28213459215955666	0.9593748338928642	-4.9984073464102075
0.2917140739914266	0.9565055666515091	-5.008407346410207
0.3012643846589917	0.9535406496505742	-5.018407346410207
0.3107845691391437	0.9504803793792889	-5.028407346410207
0.3202736754213681	0.9473250618621298	-5.038407346410207
0.32973075460294415	0.9440750126282196	-5.048407346410206
0.3391548609838346	0.9407305566797731	-5.058407346410206
0.34854505216125653	0.9372920284595975	-5.068407346410208
0.35790038912391386	0.9337597718176507	-5.0784073464102075
0.36721993634590816	0.9301341399766526	-5.088407346410207
0.3765027618802834	0.926415495496766	-5.098407346410207
0.3857479374522219	0.9226042102393402	-5.108407346410207
0.39495453855187074	0.9187006653297247	-5.118407346410207
0.4041216445267921	0.9147052511191576	-5.1284073464102065
0.41324833867402766	0.9106183671457303	-5.138407346410206
0.4223337083317699	0.9064404220944339	-5.148407346410208
0.4313768449706209	0.9021718337562933	-5.158407346410208
0.4403768442844544	0.8978130289865843	-5.168407346410207
0.44933280628083894	0.8933644436621518	-5.178407346410207
0.45824383537103813	0.888826522637821	-5.188407346410207
0.4671090404595688	0.8841997197019127	-5.198407346410207
0.47592753503330976	0.8794844975308648	-5.2084073464102065
0.4846984372501523	0.8746813276429651	-5.218407346410206
0.4934208700271855	0.869790690351199	-5.228407346410208
0.502093961128397	0.8648130747152217	-5.238407346410208
0.510716843251906	0.8597489784924481	-5.2484073464102075
0.5192886541166857	0.8545989080882804	-5.258407346410207
0.5278085365487929	0.8493633785054673	-5.268407346410207
0.5362756385670842	0.844042913292604	-5.278407346410207
0.5446891134684135	0.8386380444917781	-5.288407346410207
0.5530481199123022	0.833149312585366	-5.298407346410206
0.5613518220050716	0.8275772664419839	-5.308407346410206
0.5695993893834335	0.8219224632616021	-5.318407346410208
0.5777899972975202	0.8161854685198283	-5.3284073464102075
0.5859228266933671	0.8103668559113547	-5.338407346410207
0.5939970642948122	0.8044672072925936	-5.348407346410207
0.6020119026848237	0.7984871126234903	-5.358407346410207
0.6099665403862417	0.7924271699085282	-5.368407346410207
0.6178601819419247	0.7862879851369292	-5.3784073464102065
0.6256920379942953	0.7800701722220542	-5.388407346410206
0.6334613253642761	0.7737743529400123	-5.398407346410208
0.6411672671296019	0.7674011568674872	-5.408407346410208
0.648809092702519	0.7609512213187742	-5.418407346410207
0.6563860379068382	0.7544251912820533	-5.428407346410207
0.6638973450543534	0.7478237193548898	-5.438407346410207
0.671342263020609	0.741147465678975	-5.448407346410207
0.6787200473200126	0.7343970978741133	-5.4584073464102065
0.6860299601802823	0.7275732909714597	-5.468407346410206
0.693271270616225	0.7206767273460167	-5.478407346410208
0.700443254502829	0.7137080966484023	-5.488407346410208
0.7075451946476834	0.7066680957358779	-5.4984073464102075
0.714576380862692	0.699557428602668	-5.508407346410207
0.7215361100350928	0.6923768063095603	-5.518407346410207
0.7284236861977682	0.6851269469128005	-5.528407346410207
0.7352384205988415	0.6778085753922867	-5.538407346410207
0.7419796317705515	0.6704224235790721	-5.548407346410206
0.7486466455973999	0.6629692300821819	-5.558407346410208
0.7552387953835576	0.6554497402147573	-5.568407346410208
0.7617554219195405	0.6478647059195175	-5.5784073464102075
0.7681958735481255	0.6402148856935712	-5.588407346410207
0.7745595062295167	0.6325010445125662	-5.598407346410207
0.7808456836057492	0.6247239537541923	-5.608407346410207
0.7870537770643237	0.6168843911210447	-5.618407346410207
0.7931831658010676	0.6089831405628534	-5.6284073464102065
0.7992332368822153	0.6010209921980902	-5.638407346410206
0.8052033853057011	0.592998742234955	-5.648407346410208
0.811093014061656	0.5849171928917616	-5.658407346410208
0.8169015341921134	0.5767771523167083	-5.668407346410207
0.8226283648499005	0.5685794345070696	-5.678407346410207
0.828272933356724	0.5603248592277946	-5.688407346410207
0.833834675260437	0.5520142519295328	-5.698407346410207
0.8393130343914837	0.5436484436660883	-5.7084073464102065
0.8447074629185166	0.5352282710113161	-5.718407346410206
0.8500174214031792	0.5267545759754633	-5.728407346410208
0.855242378854046	0.5182282059209751	-5.738407346410208
0.8603818127797269	0.5096500134777503	-5.7484073464102075
0.8654352092411123	0.5010208564578845	-5.758407346410207
0.8704020629027672	0.49234159776988906	-5.768407346410207
0.8752818770834645	0.4836131053323999	-5.778407346410207
0.8800741638058526	0.47483625198738705	-5.788407346410207
0.8847784438452528	0.466011915412871	-5.798407346410206
0.8893942467775822	0.45714097803515413	-5.808407346410208
0.8939211110263924	0.4482243269405848	-5.818407346410208
0.8983585839090318	0.43926285378684043	-5.8284073464102075
0.9027062216819098	0.4302574547137686	-5.838407346410207
0.9069635895848724	0.42120903025377204	-5.848407346410207
0.911130261884677	0.4121184852417565	-5.858407346410207
0.9152058219175658	0.40298672872464764	-5.868407346410207
0.9191898621309319	0.3938146738704875	-5.8784073464102065
0.9230819841240738	0.38460323787711814	-5.888407346410206
0.9268817986880364	0.375353341880461	-5.898407346410208
0.9305889258445286	0.3660659108624109	-5.908407346410208
0.9342029948839243	0.3567418735583285	-5.918407346410207
0.9377236444023317	0.34738216236417413	-5.928407346410207
0.9411505223377326	0.3379877132432675	-5.938407346410207
0.9444832860051892	0.32855946563269206	-5.948407346410207
0.9477216021311119	0.319098362349352	-5.9584073464102065
0.9508651468865871	0.3096053494956914	-5.968407346410206
0.953913605919759	0.30008137636508314	-5.978407346410208
0.9568666743872638	0.2905273953469071	-5.988407346410208
0.9597240569847162	0.2809443618313016	-5.9984073464102075
0.9624854679762374	0.2713332341136326	-6.008407346410207
0.9651506312230296	0.2616949732986625	-6.018407346410207
0.9677192802109889	0.2520305432044409	-6.028407346410207
0.9701911580773572	0.24234091026592366	-6.038407346410207
0.9725660176364077	0.2326270434383299	-6.048407346410206
0.974843621404164	0.2228899141002458	-6.058407346410208
0.9770237416221464	0.2131304959564944	-6.068407346410208
0.9791061602801504	0.20334976494075546	-6.0784073464102075
0.9810906691380454	0.19354869911798003	-6.088407346410207
0.9829770697465994	0.18372827858658286	-6.098407346410207
0.9847651734673236	0.17388948538043342	-6.108407346410207
0.986454801491336	0.16403330337065336	-6.118407346410207
0.9880457848572423	0.1541607181672302	-6.1284073464102065
0.9895379644680314	0.14427271702045716	-6.138407346410206
0.9909311911069864	0.13437028872220716	-6.148407346410208
0.9922253254526036	0.12445442350706158	-6.158407346410208
0.9934202380925271	0.11452611295327697	-6.168407346410207
0.9945158095364889	0.10458634988363513	-6.178407346410207
0.9955119302282575	0.09463612826615993	-6.188407346410207
0.9964085005565937	0.0846764431147213	-6.198407346410207
0.997205430865212	0.07470829038953467	-6.2084073464102065
0.9979026414617455	0.06473266689756577	-6.218407346410206
0.9985000626257156	0.054750570192849055	-6.228407346410208
0.9989976346155036	0.04476299847674016	-6.238407346410208
0.9993953076743255	0.034770950498085956	-6.2484073464102075
0.9996930420352065	0.024775425453357643	-6.258407346410207
0.9998908079249588	0.014777422886730113	-6.268407346410207
0.9999885855671581	0.004777942590128389	-6.278407346410207
0.9999863651841218	-0.005222015496750743	-6.288407346410207
0.9998841469978862	-0.015221451386431864	-6.298407346410206
0.9996819412301848	-0.02521936514366062	-6.308407346410208
0.999379768101426	-0.0352147569853893	-6.318407346410208
0.9989776578286707	-0.045206627380764974	-6.3284073464102075
0.9984756506226111	-0.05519397715107464	-6.338407346410207
0.9978737966835496	-0.06517580756966403	-6.348407346410207
0.9971721561963784	-0.07515112046180943	-6.358407346410207
0.9963707993245617	-0.08511891830453439	-6.368407346410207
0.9954698062031188	-0.09507820432636108	-6.3784073464102065
0.9944692669306109	-0.10502798260698672	-6.388407346410206
0.9933692815601313	-0.11496725817687643	-6.398407346410208
0.9921699600893009	-0.12489503711675244	-6.408407346410208
0.9908714224492672	-0.1348103266569956	-6.418407346410207
0.989473798492712	-0.14471213527691465	-6.428407346410207
0.9879772279808662	-0.15459947280389905	-6.438407346410207
0.986381860569534	-0.16447135051243553	-6.448407346410207
0.984687855794127	-0.17432678122297976	-6.4584073464102065
0.9828953830537109	-0.18416477940067352	-6.468407346410206
0.9810046215940661	-0.1939843612538991	-6.478407346410208
0.9790157604897632	-0.20378454483265065	-6.488407346410208
0.9769289986252552	-0.2135643501267388	-6.4984073464102075
0.9747445446749893	-0.223322799163784	-6.508407346410207
0.9724626170825403	-0.2330589161070145	-6.518407346410207
0.970083444038766	-0.24277172735284946	-6.528407346410207
0.967607263458988	-0.25246026162825824	-6.538407346410207
0.9650343229592008	-0.262123550087887	-6.548407346410206
0.9623648798313097	-0.2717606264109443	-6.558407346410208
0.959599201017404	-0.28137052689782516	-6.568407346410208
0.95673756308306	-0.2909522905664909	-6.5784073464102075
0.9537802521896863	-0.30050495924855947	-6.588407346410207
0.9507275640659079	-0.3100275776851231	-6.598407346410207
0.9475798039779931	-0.31951919362227377	-6.608407346410207
0.9443372866993278	-0.32897885790632725	-6.618407346410207
0.9410003364789378	-0.33840562457873824	-6.6284073464102065
0.9375692870090641	-0.3477985509706951	-6.638407346410206
0.9340444813917941	-0.35715669779738773	-6.648407346410208
0.9304262721047533	-0.36647912925192855	-6.658407346410208
0.9267150209658546	-0.3757649130989424	-6.668407346410207
0.9229110990971193	-0.38501312076778277	-6.678407346410207
0.9190148868875643	-0.39422282744538956	-6.688407346410207
0.9150267739551637	-0.4033931121687697	-6.698407346410207
0.9109471591078875	-0.4125230579170928	-6.7084073464102065
0.9067764503038205	-0.42161175170339227	-6.718407346410206
0.9025150646103669	-0.430658284665865	-6.728407346410208
0.8981634281625465	-0.43966175215875014	-6.738407346410208
0.8937219761203767	-0.44862125384280305	-6.7484073464102075
0.8891911526253609	-0.45753589377532144	-6.758407346410207
0.8845714107560726	-0.466404780499741	-6.768407346410207
0.879863212482849	-0.47522702713477993	-6.778407346410207
0.8750670286215941	-0.4840017514631265	-6.788407346410207
0.8701833387866972	-0.49272807601966034	-6.798407346410206
0.865212631343071	-0.501405128179199	-6.808407346410208
0.8601554033573197	-0.5100320402437545	-6.818407346410208
0.8550121605480262	-0.5186079495293109	-6.8284073464102075
0.8497834172351858	-0.5271319984520861	-6.838407346410207
0.8444696962887723	-0.5356033346142914	-6.848407346410207
0.8390715290764524	-0.5440211108893699	-6.858407346410207
0.8335894554104487	-0.5523844855067089	-6.868407346410207
0.8280240234935596	-0.560692622135816	-6.8784073464102065
0.8223757898643389	-0.568944689969952	-6.888407346410206
0.8166453193414416	-0.5771398638092112	-6.898407346410208
0.8108331849671466	-0.5852773241430365	-6.908407346410208
0.804939967950047	-0.5933562572321769	-6.918407346410207
0.7989662576069335	-0.601375855190056	-6.928407346410207
0.7929126513038622	-0.609335316063561	-6.938407346410207
0.786779754396419	-0.6172338439132373	-6.948407346410207
0.7805681801691837	-0.6250706488928822	-6.9584073464102065
0.7742785497744028	-0.6328449473285283	-6.968407346410206
0.7679114921698733	-0.6405559617968118	-6.978407346410208
0.761467644056052	-0.6482029212027092	-6.988407346410208
0.7549476498123795	-0.6557850608566537	-6.9984073464102075
0.7483521614328466	-0.6633016225509981	-7.008407346410207
0.7416818384607952	-0.670751854635837	-7.018407346410207
0.7349373479229637	-0.6781350120941704	-7.028407346410207
0.7281193642627858	-0.6854503566164049	-7.038407346410207
0.7212285692729458	-0.6926971566741845	-7.048407346410206
0.7142656520271989	-0.6998746875935438	-7.058407346410208
0.70723130881147	-0.7069822316273693	-7.068407346410208
0.7001262430542174	-0.7140190780271819	-7.0784073464102075
0.692951165256096	-0.7209845231142058	-7.088407346410207
0.6857067929189063	-0.7278778703497367	-7.098407346410207
0.6783938504738452	-0.7346984304047955	-7.108407346410207
0.671013069209063	-0.7414455212290605	-7.118407346410207
0.6635651871965357	-0.7481184681190718	-7.1284073464102065
0.6560509492182578	-0.7547166037857012	-7.138407346410206
0.648471106691764	-0.7612392684208815	-7.148407346410208
0.6408264175949931	-0.7676858097635825	-7.158407346410208
0.6331176463904832	-0.7740555831650432	-7.168407346410207
0.6253455639489303	-0.7803479516532317	-7.178407346410207
0.6175109474721021	-0.7865622859965425	-7.188407346410207
0.6096145804151175	-0.79269796476672	-7.198407346410207
0.6016572524081019	-0.7987543744010005	-7.2084073464102065
0.5936397591772247	-0.8047309092634671	-7.218407346410206
0.5855629024651265	-0.8106269717056155	-7.228407346410208
0.5774274899507509	-0.8164419721261122	-7.238407346410208
0.569234335168568	-0.8221753290297626	-7.2484073464102075
0.5609842574272287	-0.8278264690856537	-7.258407346410207
0.5526780817276319	-0.8333948271844894	-7.268407346410207
0.544316638680426	-0.8388798464951001	-7.278407346410207
0.5359007644229477	-0.8442809785201253	-7.288407346410207
0.5274313005356095	-0.8495976831508638	-7.298407346410206
0.518909093957741	-0.8548294287212838	-7.308407346410208
0.510334996902901	-0.8599756920611862	-7.318407346410208
0.5017098667736484	-0.8650359585485264	-7.3284073464102075
0.49303456607580853	-0.8700097221608728	-7.338407346410207
0.48430996233222195	-0.8748964855260088	-7.348407346410207
0.47553692799599245	-0.8796957599716702	-7.358407346410207
0.4667163403632428	-0.8844070655744117	-7.368407346410207
0.4578490814853858	-0.8890299312075992	-7.3784073464102065
0.44893603808091986	-0.8935638945885218	-7.388407346410206
0.43997810144675636	-0.8980085023246204	-7.398407346410208
0.430976167369097	-0.9023633099588236	-7.408407346410208
0.4219311360338463	-0.906627882013998	-7.418407346410207
0.41284391193660036	-0.9108017920364916	-7.428407346410207
0.4037154037921962	-0.9148846226387806	-7.438407346410207
0.39454652444384125	-0.918875965541207	-7.448407346410207
0.3853381907718295	-0.9227754216128067	-7.4584073464102065
0.37609132360185477	-0.926582600911222	-7.468407346410206
0.36680684761292653	-0.9302971227216965	-7.478407346410208
0.35748569124491	-0.9339186155951432	-7.488407346410208
0.3481287866056727	-0.9374467173852933	-7.4984073464102075
0.33873706937788123	-0.9408810752849078	-7.508407346410207
0.3293114787254319	-0.9442213458610589	-7.518407346410207
0.3198529571995354	-0.9474671950894723	-7.528407346410207
0.3103624506444621	-0.9506182983879301	-7.538407346410207
0.30084090810295894	-0.9536743406487285	-7.548407346410206
0.2912892817213437	-0.9566350162701884	-7.558407346410208
0.28170852665429824	-0.959500029187214	-7.568407346410208
0.2720996009693437	-0.9622690929009016	-7.5784073464102075
0.26246346555104116	-0.9649419305071872	-7.588407346410207
0.2528010840049023	-0.9675182747245379	-7.598407346410207
0.24311342256102988	-0.9699978679206785	-7.608407346410207
0.23340144997749515	-0.972380462138356	-7.618407346410207
0.22366613744346325	-0.9746658191201341	-7.6284073464102065
0.21390845848207482	-0.9768537103322188	-7.638407346410206
0.2041293888530929	-0.9789439169873128	-7.648407346410208
0.19432990645533468	-0.9809362300664916	-7.658407346410208
0.18451099122887196	-0.9828304503401079	-7.668407346410207
0.174673625057045	-0.9846263883877127	-7.678407346410207
0.1648187916682732	-0.9863238646169981	-7.688407346410207
0.15494747653768315	-0.9879227092817555	-7.698407346410207
0.14506066678856175	-0.9894227624988511	-7.7084073464102065
0.135159351093645	-0.9908238742642129	-7.718407346410206
0.12524451957624955	-0.9921259044678323	-7.728407346410208
0.1153171637112683	-0.9933287229077736	-7.738407346410208
0.10537827622601324	-0.9944322093031953	-7.7484073464102075
0.09542885100095054	-0.9954362533063774	-7.758407346410207
0.08546988297031151	-0.9963407545137564	-7.768407346410207
0.0755023680226001	-0.997145622475965	-7.778407346410207
0.06552730290100488	-0.9978507767068782	-7.788407346410207
0.055545685103725456	-0.99845614669166	-7.798407346410206
0.04555851278422181	-0.9989616718938169	-7.808407346410208
0.03556678465140681	-0.9993673017612495	-7.818407346410208
0.025571499869765552	-0.9996729957313094	-7.8284073464102075
0.015573657959446836	-0.9998787232348542	-7.838407346410207
0.005574258696310179	-0.9999844636993049	-7.848407346410207
-0.03950883437007064	-0.9735572668665219	-7.893588390664209
-0.12641875651781329	-0.9146282996982187	-7.981434643866114
-0.21008926665778604	-0.8568289460169617	-8.067018502114491
-0.2905623647899891	-0.8001520058227506	-8.150364315853416
-0.3678800509144357	-0.7445902791155764	-8.231496435526989
-0.4420843250310984	-0.6901365658954579	-8.310439211579252
-0.5132171871399914	-0.636783666162386	-8.387216994454302
-0.5813206372411146	-0.5845243799163602	-8.461854134596221
-0.6464366753344678	-0.5333515071573806	-8.534374982449082
-0.7086073014200512	-0.4832578478854473	-8.604803888456964
-0.767874515497865	-0.4342362021005602	-8.673165203063945
-0.8242803175679088	-0.3862793698027194	-8.739483276714106
-0.8778667076301919	-0.33938015099191654	-8.803782459851536
-0.9286756856846956	-0.29353134566816824	-8.866087102920291
-0.9767492517314293	-0.24872575383146642	-8.926421556364462
-1.0221294057703931	-0.20495617548181067	-8.984810170628124
-1.0648581478015873	-0.16221541061920117	-9.041277296155357
-1.1049774778250119	-0.12049625924363784	-9.09584728339024
-1.1425293958406657	-0.07979152135512085	-9.148544482776853
-1.1775559018485506	-0.040093996953650124	-9.19939324475927
-1.2100989958486708	-0.0013964860392188024	-9.248417919781582
-1.2402006778410153	0.03630821138815943	-9.295642858287847
-1.2679029478255899	0.07302729532849128	-9.341092410722155
-1.2932478058023944	0.10876796578177693	-9.384790927528583
-1.3162772517714292	0.14353742274801637	-9.426762759151211
-1.3370332857326943	0.17734286622720952	-9.467032256034118
-1.3555579076861897	0.21019149621935657	-9.505623768621378
-1.3718931176319145	0.24209051272445722	-9.542561647357072
-1.3860809155698701	0.27304711574251167	-9.57787024268528
-1.3981633015000576	0.30306850527352525	-9.611573905050088
-1.4081822754224727	0.332161881317487	-9.643696984895556
-1.4161798373371184	0.3603344438744027	-9.674263832665773
-1.4221979872439936	0.3875933929442719	-9.703298798804818
-1.426278725143099	0.41394592852709505	-9.730826233756764
-1.4284640510344349	0.43939925062287194	-9.7568704879657
-1.428795964918001	0.46396055923160257	-9.781455911875693
-1.427316466793797	0.48763705435328697	-9.804606855930828
-1.4240675566618224	0.5104359359879291	-9.826347670575185
-1.419091234522078	0.5323644041355209	-9.846702706252836
-1.412429500374564	0.5534296587960664	-9.865696313407863
-1.4041243542192805	0.5736388999695656	-9.883352842484346
-1.3942177960562268	0.5929993276560187	-9.899696643926358
-1.3827518258854032	0.6115181418554254	-9.914752068177984
-1.3697684437068096	0.6292025425677861	-9.928543465683298
-1.3553096495204462	0.6460597297931003	-9.941095186886383
-1.3394174433263097	0.6620969035313711	-9.952431582231313
-1.3221338251244064	0.6773212637825928	-9.962577002162169
-1.303500794914733	0.6917400105467681	-9.971555797123026
-1.28356035269729	0.7053603438238975	-9.979392317557968
-1.262354498472077	0.7181894636139804	-9.986110913911068
-1.2399252322390937	0.730234569917017	-9.991735936626407
-1.2163145539983407	0.7415028627330076	-9.996291736148065
-1.191564463749818	0.7520015420619517	-9.999802662920118
-1.1657169614935248	0.7617378079038496	-10.002293067386644
-1.1388140472294574	0.7707188602587027	-10.003787299991725
-1.1108977209576247	0.7789518991265082	-10.004309711179436
-1.0820099826780218	0.7864441245072673	-10.003884651393857
-1.0521928323906493	0.7932027364009802	-10.002536471079067
-1.0214882700955068	0.7992349348076467	-10.000289520679141
-0.9899382957925942	0.8045479197272669	-9.997168150638162
-0.9575849094819116	0.8091488911598411	-9.993196711400206
-0.9244701111634595	0.8130450491053689	-9.988399553409351
-0.8906359008372312	0.8162435935638511	-9.982801027109677
-0.8561242785032387	0.8187517245352862	-9.976425482945261
-0.8209772441614767	0.8205766420196752	-9.969297271360185
-0.7852367978119443	0.8217255460170181	-9.961440742798525
-0.7489449394546424	0.8222056365273144	-9.952880247704357
-0.7121436690895703	0.8220241135505647	-9.943640136521763
-0.6748749867167282	0.8211881770867686	-9.93374475969482
-0.6371808923361164	0.8197050271359263	-9.923218467667606
-0.5991033859477275	0.8175818636980374	-9.912085610884198
-0.5606844675515757	0.8148258867731025	-9.90037053978868
-0.5219661371476539	0.8114442963611213	-9.888097604825127
-0.48299039473596217	0.8074442924620938	-9.875291156437612
-0.4437992403165004	0.8028330750760202	-9.861975545070226
-0.4044346738892689	0.7976178442029003	-9.848175121167039
-0.36493869545426716	0.7918057998427342	-9.833914235172129
-0.32535330501149556	0.7854041419955218	-9.819217237529578
-0.2857205025609542	0.7784200706612632	-9.804108478683464
-0.24608228810263555	0.7708607858399568	-9.788612309077859
-0.2064806616365541	0.7627334875316055	-9.77275307915685
-0.16695762316270268	0.754045375736208	-9.756555139364512
-0.1275551726810813	0.7448036504537643	-9.740042840144923
-0.08831531019169003	0.7350155116842741	-9.723240531942162
-0.04928003569452866	0.7246881594277377	-9.706172565200308
-0.010491349189597432	0.7138287936841553	-9.688863290363441
0.028008749323103765	0.7024446144535264	-9.671337057875636
0.06617825984358178	0.6905428217358492	-9.65361821818097
0.10397518237182288	0.6781306155311277	-9.635731121723527
0.14135751690783402	0.6652151958393602	-9.617700118947385
0.17828326345161505	0.6518037626605462	-9.599549560296618
0.21471042200316615	0.6379035159946861	-9.581303796215309
0.25059699256248713	0.6235216558417795	-9.562987177147532
0.2859009751295782	0.6086653822018269	-9.544624053537367
0.32058036970443915	0.5933418950748279	-9.526238775828896
0.35459317628707615	0.5775583944607798	-9.50785569446619
0.387897394877477	0.5613220803596882	-9.489499159893334
0.42045102547564783	0.5446401527715504	-9.471193522554408
0.45221206808158865	0.5275198116963664	-9.452963132893483
0.48313852269529944	0.509968257134136	-9.434832341354644
0.5065506441813548	0.4932735935603047	-9.418105993975036
0.5207096183662584	0.47743548306685657	-9.402787970023494
0.5339902311198157	0.4607276665695236	-9.387141676962008
0.5464074824420286	0.4431711440683024	-9.371176964346496
0.557976372332893	0.4247869155631993	-9.354903681732887
0.568711900792411	0.4055959810542112	-9.338331678677102
0.5786290678205825	0.3856193405413383	-9.321470804735062
0.5877428734174077	0.36487799402458027	-9.304330909462685
0.5960683175828865	0.3433929415039374	-9.286921842415895
0.6036204003170189	0.3211851829794095	-9.269253453150611
0.610414121619805	0.2982757184509968	-9.251335591222762
0.6164644814912447	0.27468554791869904	-9.233178106188259
0.6217864799313388	0.250435671382512	-9.21479084760303
0.6263951169400857	0.22554708884244423	-9.196183665022996
0.630305392517486	0.20004080029849158	-9.177366408004081
0.63353230666354	0.17393780575065396	-9.1583489261022
0.6360908593782477	0.14725910519893132	-9.139141068873277
0.6379960506616089	0.12002569864332376	-9.119752685873237
0.6392628805136237	0.09225858608383125	-9.100193626657997
0.6399063489342922	0.06397876752045378	-9.080473740783484
0.6399414559236143	0.03520724295318622	-9.060602877805609
0.6393832014815898	0.005965012382038688	-9.040590887280308
0.638246585608219	-0.023726924192993718	-9.020447618763493
0.6365466083035017	-0.05384756677191111	-9.000182921811087
0.6342982695674382	-0.08437591535471348	-8.979806645979012
0.6315165694000282	-0.11529096994140078	-8.959328640823193
0.6282165078012719	-0.14657173053197306	-8.938758755899546
0.6244130847711691	-0.17819719712643034	-8.918106840763995
0.6201213003097192	-0.2101463697247782	-8.897382744972457
0.6153561544169235	-0.2423982483270055	-8.876596318080864
0.6101326470927815	-0.2749318329331176	-8.855757409645127
0.6044657783372931	-0.3077261235431149	-8.834875869221177
0.5983705481504582	-0.34076012015699697	-8.81396154636493
0.591861956532277	-0.37401282277476405	-8.793024290632307
0.5849550034827494	-0.4074632313964161	-8.772073951579229
0.5776646890018755	-0.44109034602195324	-8.751120378761621
0.570006013089655	-0.47487316665137524	-8.730173421735405
0.5619939757460868	-0.5087906932846883	-8.709242930056492
0.5536435769711735	-0.5428219259218802	-8.688338753280815
0.5449698167649139	-0.5769458645629573	-8.667470740964298
0.5359876951273078	-0.6111415092079191	-8.646648742662855
0.5267122120583553	-0.6453878598567662	-8.625882607932407
0.5171583675580566	-0.6796639165094979	-8.605182186328879
0.5073411616264113	-0.7139486791661148	-8.584557327408193
0.4972755942634196	-0.7482211478266166	-8.564017880726267
0.48697666546907964	-0.7824603224910095	-8.543573695839022
0.47645937524339516	-0.8166452031592814	-8.523234622302386
0.4657387235863642	-0.8507547898314383	-8.503010509672276
0.4548297104979869	-0.88476808250748	-8.482911207504616
0.4437473359782632	-0.9186640811874067	-8.462946565355324
0.432506600027193	-0.9524217858712183	-8.443126432780323
0.4211225026447765	-0.9860201965589153	-8.423460659335536
0.40961004383101357	-1.019438313250497	-8.403959094576882
0.3979842235859021	-1.0526551359459695	-8.384631588060282
0.3862600419094463	-1.0856496646453209	-8.365487989341661
0.3744524988016441	-1.1184008993485577	-8.34653814797694
0.3625765942624955	-1.1508878400556792	-8.32779191352204
0.35064732829200046	-1.183089486766686	-8.309259135532884
0.3386797008901591	-1.2149848394815776	-8.290949663565389
0.32668871205697125	-1.2465528982003542	-8.272873347175478
0.3146893617924369	-1.2777726629230157	-8.255040035919075
0.3026966500965563	-1.3086231336495624	-8.2374595793521
0.2907255769693271	-1.3390833103799993	-8.220141827030472
0.27879114241075353	-1.3691321931143157	-8.203096628510117
0.26690834642083366	-1.3987487818525173	-8.186333833346957
0.2550921889995673	-1.427912076594604	-8.169863291096913
0.24335767014695459	-1.4566010773405753	-8.153694851315901
0.2317197898629954	-1.484794784090432	-8.137838363559847
0.22019354814768985	-1.5124721968441732	-8.122303677384675
0.20879394500103785	-1.5396123156017998	-8.1071006423463
0.19753598042303744	-1.566194140363316	-8.092239108000646
0.1864346544136926	-1.5921966711287125	-8.077728923903639
0.17550496697300136	-1.617598907897994	-8.063579939611195
0.16476191810096372	-1.6423798506711602	-8.049802004679238
0.15422050779757965	-1.6665184994482116	-8.03640496866369
0.14389573606284914	-1.6899938542291482	-8.023398681120472
0.13380260289677223	-1.7127849150139696	-8.010792991605506
0.12395610829934886	-1.734870681802676	-7.998597749674714
0.11437125227057743	-1.7562301545952712	-7.986822804884011
0.10506303481046128	-1.7768423333917476	-7.975478006789327
0.09604645591899871	-1.796686218192109	-7.964573204946581
0.08733651559618971	-1.8157408089963556	-7.954118248911694
0.07894821384203426	-1.8339851058044867	-7.944122988240587
0.07089655065653243	-1.851398108616503	-7.934597272489182
0.06319652603968413	-1.8679588174324042	-7.9255509512134
0.05586313999148942	-1.883646232252191	-7.916993873969165
0.04891139251194829	-1.898439353075862	-7.908935890312394
0.04235628360105958	-1.9123171799034213	-7.901386849799014
0.03621281325882564	-1.9252587127348624	-7.894356601984941
0.030495981485245276	-1.9372429515701888	-7.887854996426102
0.025220788280318485	-1.9482488964094	-7.881891882678414
0.020402233644045253	-1.9582555472524967	-7.876477110297802
0.016055317576425587	-1.967241904099478	-7.871620528840186
0.012195040077459493	-1.9751869669503446	-7.867331987861485
0.008836401147146958	-1.9820697358050958	-7.863621336917625
0.0059944007854875305	-1.9878692106637335	-7.860498425564525
0.0036840389924822185	-1.9925643915262545	-7.857973103358106
0.0019203157681304706	-1.996134278392661	-7.856055219854293
0.000718231112432286	-1.9985578712629521	-7.8547546246090025
0.00009278502538766365	-1.9998141701371286	-7.85408116717816
-0.026378338983759752	-2.0262610774587437	-7.827017680087325
-0.0846933720319187	-2.083453770979559	-7.763108003135499
-0.14124302678992345	-2.1377070524926043	-7.695139391837651
-0.19605130325778364	-2.189062921997888	-7.6232077930852205
-0.2491422014354797	-2.237563379495393	-7.5474091537696815
-0.30053972132302165	-2.2832504249851286	-7.467839420782472
-0.3502678629204093	-2.326166058467094	-7.384594541015046
-0.39835062622764283	-2.3663522799412893	-7.297770461358852
-0.4448120112447222	-2.4038510894077145	-7.207463128705341
-0.4896760179716472	-2.4387044868663703	-7.113768489945964
-0.5329666464084183	-2.4709544723172563	-7.0167824919721715
-0.574707896555035	-2.5006430457603726	-6.916601081675417
-0.6149237684115044	-2.527812207195723	-6.813320205947128
-0.6536382619778126	-2.5525039566232994	-6.707035811678795
-0.6908753772539664	-2.574760294043105	-6.597843845761848
-0.7266591142399661	-2.5946232194551415	-6.4858402550877425
-0.7610134729358116	-2.612134732859408	-6.371120986547925
-0.793962453341503	-2.6273368342559045	-6.253781987033848
-0.82553005545704	-2.6402715236446306	-6.13391920343696
-0.8557402792824228	-2.6509808010255878	-6.011628582648717
-0.8846171248176564	-2.659506666398776	-5.887006071560542
-0.9121845920627308	-2.6658911197641926	-5.760147617063933
-0.9384666810176507	-2.6701761611218395	-5.631149166050316
-0.9634873916824165	-2.672403790471716	-5.500106665411146
-0.9872707240570281	-2.672616007813823	-5.367116062037871
-1.0098406781414855	-2.6708548131481606	-5.232273302821942
-1.0312212539357888	-2.6671622064747282	-5.095674334654811
-1.0514364514399377	-2.661580187793525	-4.957415104427926
-1.070510270653936	-2.6541507571045515	-4.817591559032717
-1.0884667115777762	-2.6449159144078087	-4.676299645360681
-1.1053297742114623	-2.633917659703296	-4.533635310303244
-1.1211234585549943	-2.621197992991014	-4.389694500751859
-1.1358717646083718	-2.606798914270961	-4.244573163597975
-1.149598692371595	-2.590762423543139	-4.098367245733044
-1.1623282418446643	-2.5731305208075472	-3.951172694048517
-1.1740844130275796	-2.5539452060641854	-3.8030854554358426
-1.1848912059203403	-2.533248479313053	-3.6542014767864743
-1.1947726205229487	-2.5110823405541476	-3.5046167049918338
-1.203752656835401	-2.4874887897874753	-3.354427086943426
-1.211855314857699	-2.4625098270130334	-3.203728569532675
-1.2191045945898427	-2.436187452230822	-3.0526170996510333
-1.2255244960318321	-2.40856366544084	-2.9011886241899485
-1.2311390191836675	-2.379680466643089	-2.7495390900408747
-1.2359721640453485	-2.349579855837568	-2.59776444409526
-1.2400479306168755	-2.3183038330242765	-2.4459606332445567
-1.2433903188982485	-2.285894398203209	-2.2942236043801874
-1.2460233288894669	-2.252393551374378	-2.142649304393658
-1.2479709605905307	-2.2178432925377765	-1.9913336801763912
-1.2492572140014409	-2.1822856216934055	-1.8403726786198393
-1.2499060891221963	-2.1457625388412644	-1.6898622466154523
-1.2499415859527976	-2.108316043981353	-1.5398983310546797
-1.2493877044932447	-2.0699881371136724	-1.3905768788289732
-1.2482684447435375	-2.0308208182382215	-1.2419938368297845
-1.2466078067036757	-1.9908560873549934	-1.0942451519485368
-1.2444297903736599	-1.9501359444640025	-0.9474267710767347
-1.24175839575349	-1.9087023895652417	-0.8016346411058013
-1.2386176228431658	-1.866597422658711	-0.6569647089271883
-1.2350314716426873	-1.8238630437444103	-0.5135129214323458
-1.2310239421520548	-1.7805412528223399	-0.3713752255127254
-1.2266190343712677	-1.7366740498924995	-0.23064756805977749
-1.2218407483003266	-1.6923034349548887	-0.09142589596495176
-1.216713083939231	-1.6474714080095085	0.046193843880299235
-1.2112600412879806	-1.6022199690563503	0.1821157045845493
-1.2055056203465764	-1.5565911180954295	0.31624373925630034
-1.1994738211150184	-1.5106268551267394	0.4484820010041245
-1.193188643593306	-1.4643691801502792	0.578734542936572
-1.186674087781439	-1.4178600931660492	0.7069054181621918
-1.179954153679418	-1.371141594174049	0.8328986797895332
-1.1730528412872427	-1.3242556831742789	0.9566183809271449
-1.1659941506049134	-1.277244360166739	1.0779685746835765
-1.1588020816324285	-1.2301496251514206	1.1968533141673983
-1.1515006343697904	-1.1830134781283408	1.3131766524871176
-1.144113808816998	-1.1358779190974908	1.4268426427513043
-1.1366656049740513	-1.088784948058871	1.5377553380685074
-1.1291800228409508	-1.041776565012481	1.6458187915472773
-1.1216810624176956	-0.9948947699583213	1.7509370562961621
-1.1141927237042863	-0.9481815628963917	1.8530141854237114
-1.1067390067007228	-0.9016789438266918	1.9519542320384753
-1.0993439114070036	-0.8554289127492141	2.047661249249018
-1.0920314378231315	-0.8094734696639744	2.1400392901638563
-1.0848255859491052	-0.7638546145709648	2.228992407891555
-1.0777503557849246	-0.7186143474701854	2.314424655540666
-1.0708297473305897	-0.6737946683616357	2.396240086219736
-1.0640877605861003	-0.6294375772453162	2.474342753037315
-1.0575483955514566	-0.5855850741212267	2.548636709101953
-1.0512356522266593	-0.5422791589893673	2.6190260075221987
-1.0451735306117071	-0.4995618318497379	2.685414701406601
-1.0393860307065999	-0.4574750927023311	2.74770684386372
-1.0338971525113394	-0.4160609415471617	2.805806488002083
-1.0287308960259247	-0.37536137838422245	2.8596176869302514
-1.0239112612503556	-0.3354184032135132	2.9090444937567725
-1.0194622481846325	-0.29627401603503395	2.9539909615901974
-1.0154078568287548	-0.2579702168487847	2.994361143539074
-1.011772087182723	-0.22054900565476543	3.0300590927119524
-1.0085789392465367	-0.18405238245297617	3.060988862217382
-1.0058524130201958	-0.1485223472434107	3.0870545051639158
-1.0036165085037012	-0.11400090002608161	3.108160074660093
-1.0018952256970524	-0.08053004080098253	3.124209623814469
-1.000712564600249	-0.04815176956811345	3.1351072057355927
-1.0000925252132915	-0.016908086327474366	3.140756873532013